0.1142427626211352
0.21625569824732438
-0.13674172638645998
-0.21681436398379883
0.11796673678292724
0.7075928915287497
-0.4691761864283517
-0.36928663096279957
0.6323047563203483
-0.3813638392726022
0.4432791294991749
0.0387811305511222
-0.5558777667936268
-0.19436047455478245
0.1177902511133091
-0.15511460928655163
0.7651438949864161
-0.5757098702961807
0.7014591728006453
-0.5567828335945846
0.29571917428350536
0.19293392293104528
-0.8464778211187721
-0.036087643886405174
0.149668172852927
-0.14239960661063344
0.16294440957153744
0.21668935366472197
-0.16745422633947893
-0.10797926088269949
0.4955919919755255
0.2869950443210113
-0.14706243539837782
-0.26000147522161154
-0.31717448410966786
0.3133779505155627
0.18320056693002507
-0.6068231936858344
0.3466389419134849
0.22177382935877188
-0.15439652622457456
-0.27244016456150266
0.08524199775922525
0.04428631023236218
0.22183649622911583
0.28018760239245644
-0.2376601783037683
-0.4334225944314165
0.10085642916223891
0.6062619274991912
-0.7578751944192065
0.7661720652253516
-0.8952418119657485
0.8214368252153752
-0.11293977734364435
-0.45373364331378674
0.5173910254484086
-0.3900525264066407
-0.12772355383299294
0.07877665668328049
0.0999859376635629
0.5032961526512296
0.0253341749515954
-0.17923511386280522
-0.41447594002690746
0.2899355078405965
-0.45056314931321473
-0.050749289226303174
0.12020921919524319
0.6379132489549706
-0.6569998522128878
-0.15360165222399735
0.6781405198732563
-0.05795019814873259
-0.07597415535190621
-0.2916320011507051
-0.0016678426631293597
-0.011486581745757785
-0.14819961112234425
0.012279303237898831
-0.004526376211346661
0.07136529977807915
-0.03954713226800788
0.6754087163311502
-0.777868415287317
0.8091338930998659
-0.11465615704262222
0.14505112143549026
-0.49146660449741963
0.17286511214301248
-0.34091613241352536
-0.15420748941489093
-0.1376193354589914
0.7264812553811182
-0.19472166154754755
-0.15844607193091786
-0.002704762885012535
0.47350387052149456
-0.3577746825842576
-0.48789774678823805
0.11462298317740938
0.6315964259572409
0.018519407277929667
-0.40603987770932704
0.47938323013302186
-0.20496115114378688
-0.3118674499592273
0.6495844042787671
-0.4408806951120112
0.05136140858017679
-0.36592847178507515
-0.18212537218790936
0.7130993570330012
-0.670210004947592
-0.07510975600607128
0.4024788089081641
0.17916743845728933
-0.5525627970881101
0.11409681696217622
-0.10705301261292366
0.517349824139781
0.22544174626391178
-0.18065054741091013
-0.035367217911279725
0.021460957120148172
-0.42864745510234503
0.5289273727624346
-0.3404540881724233
-0.10940460350127446
0.3461126784453493
0.28416931193705297
-0.8701035387881788
0.10158398667678759
0.15239027069707534
-0.20655904404200864
-0.06160622253561343
-0.0018622057925309354
0.5604223550360563
-0.4768044104801491
0.524775948132755
0.30670657766790776
-0.09626230990202311
-0.1699865418697749
-0.5159863248853689
0.20403621598401078
-0.14762174384700788
0.3351264970019031
0.21666428288660922
0.01677552943578564
0.13918945239718672
-0.45502597077259577
-0.4452412576018311
0.5488673213354395
-0.3377709000546917
0.6773515340238739
-0.12440074314714145
-0.48564384406304495
0.49568222750303237
-0.7741958628565349
0.8153158808181717
-0.34293682152421323
-0.3745390968793145
0.6103150094198049
0.2874032444174276
-0.10312508167228518
-0.7528670420859619
0.5674219058604817
-0.5018170896281295
-0.11640286325884841
0.8293540633261471
-0.056804860616103015
-0.7037728301713625
0.5035515185937225
0.08688338137769769
0.061982488071322006
-0.5346708050038445
0.7052182579303978
-0.3939444509031168
-0.22536726772534976
-0.2650990491397275
0.2891735103527394
0.12411830337271013
-0.10239387113174103
-0.40232898446418297
0.01460354342119885
0.8461026918533011
-0.5851056855185015
0.06628796820776306
0.16483881411405177
-0.3063756365648179
-0.1963021042609312
0.7635221251112636
0.060802166487749054
0.1420412682300397
-0.028855638349085777
-0.9294761630954652
0.9524123990212746
-0.42488226858982625
0.3626835442766638
-0.6587522006004807
-0.17041155580825085
0.15757538554286665
0.4208977455905861
0.32501083451904134
-0.566608031734156
0.3844790483474867
-0.1062762756798935
-0.5160836871283205
0.02038815947901451
0.6786114183398587
-0.317407032712541
-0.46760263660345525
0.25657587622023104
-0.21092429911528554
0.6745675023028197
-0.04435866091988239
0.11530365412141763
-0.8125226323213321
-0.014948528613293988
0.04093778510019319
0.5850769734038836
-0.30234741486273997
-0.2514286605479952
0.3050398043110646
-0.10778529965768358
-0.3079779736052324
0.20597001899911915
0.16701091083497066
0.5092166998446843
-0.5994472074764856
0.5935695483370131
-0.11912251116689099
-0.30805212164118534
0.20348702736823154
0.01072874718585759
-0.678258239648524
0.09763335621426406
0.06008517566728844
0.22531585288883604
0.03581733558109601
0.15528695794379666
-0.32997647995992785
-0.011985338050562788
0.4721491407144651
0.2412595520055838
-0.8399307344154888
0.1769921567642584
-0.0062410216682470265
0.0024382301605092582
0.6808342548561116
-0.42828077885206084
-0.3403568356187593
-0.10244676963594646
0.024051344882174752
0.40019417393199863
-0.42773223471301647
0.416638851625305
-0.05797243147059372
-0.338212723189802
0.00842375622877578
0.6178121071561331
-0.33842232372591885
-0.09527083601909658
0.10179476904030627
0.2697118061879936
-0.2951565173523333
0.5798040073530877
-0.5113284876308452
0.3293715378416232
-0.39871537153210335
-0.027261659126175397
0.1856106438357764
-0.023839917758745277
-0.3734017680843852
0.11495722376949047
0.23619984383025294
0.1505917832534731
0.16342466219796425
-0.713101072532167
0.7519369881966192
-0.12695603613815631
-0.47199442766708344
0.5004508003901824
-0.2293955212063412
0.45029944430541613
-0.7542120657105089
0.11552331692239881
0.5059284449167344
-0.4343080213215489
0.5970066458354197
-0.6504483816436951
-0.33784402628891763
0.28260425662921707
0.3925283797642285
-0.625011212331497
0.49149148993005143
-0.38721578137349566
0.020813630216408696
-0.14623457980806898
-0.020442174257653045
0.4089264988308867
0.48248860070428046
-0.43008258365364216
-0.18727599485569513
0.6285038185219041
-0.1858544051305564
-0.5396356414342636
-0.052280300344206165
-0.04334197545551355
-0.08266334954047216
0.36327638896982595
-0.0721902917275451
0.6807275018485486
-0.6520453760339054
-0.15509270294490196
0.101555080929281
-0.1875488732918118
0.5377856958462551
0.2611730737953304
-0.14083258086853045
0.0812270625248589
-0.34349495695817067
0.21665580766862047
0.2234688071791604
-0.8304064323642135
0.3393458199623969
-0.11660618444278292
-0.04751464887389989
0.07739211444202343
0.3109690840460658
-0.06950351507977559
-0.25148107768707495
0.42424379291379466
-0.5989669697212312
0.15912631981908631
0.5536301083733502
-0.8442994519529592
0.17880343251915964
-0.11620478137160739
0.08506117279203029
0.5879945702119199
-0.7178325151294683
0.8715444640778128
-0.6910882031278973
-0.08303733669132629
0.6323231481906182
-0.39523278828561625
0.39457516276076077
-0.6530351436499512
0.11939920735974141
-0.0016402773603055865
0.28860540168300897
0.3783222380338107
-0.8024422869945487
0.639997364161822
-0.6441058644784845
-0.09158632894933527
0.37455323798744466
0.5143341399542268
-0.0662597670345072
-0.5202797429817575
0.6275044940193204
-0.10781962793326372
-0.18507507479825136
0.010071103299562734
-0.46622147620525645
0.5494281217830875
-0.5286784171604726
-0.058885229979247056
0.5861350338398947
-0.2980650745676283
0.10105986710072146
0.3257996697841151
-0.08858468203863235
0.0030450193493301025
0.13572186285220889
0.004017330652030471
-0.8837703584637095
0.29910715798708465
0.41195335458967564
-0.7398125433800768
0.5959905288130071
0.32223730345677937
-0.6199146890217305
0.2206686441179203
0.0158755304577618
-0.020445386473524785
0.12461500699756267
-0.5990108480375849
0.21769901674044345
0.5838847098612276
-0.7292354383560743
0.10668442006969048
-0.11079768168624526
0.7531514455339008
-0.8145085863134347
0.37770723420031194
0.07878452821294757
0.4486753184701999
-0.5702584454394936
-0.22451907114557446
0.4513742072648719
0.1235157986208435
-0.18674368491742688
-0.3445942373521914
0.7377672632300322
-0.8952278019182454
0.9086963173501729
-0.4868611331755306
-0.40165871729964653
0.49985710061238264
-0.3118016405049354
-0.2524182157161232
0.2590531079341566
-0.11588976422454289
0.33045567289668865
0.08988077734657796
0.23191724554718518
0.0029310693091644247
0.10165516740865199
-0.30773784871809096
-0.41354198080931404
0.18452064990536787
0.30108697451010713
-0.41571366360467443
-0.15003294853683002
0.33476590355530833
0.39191506494037875
-0.10355884934128567
-0.17058134540677972
0.008061531137031563
-0.11224731186413572
0.2963426628964323
-0.16166439596697657
-0.4900893224148902
0.22413512355033127
0.000416000872155986
0.5575436035140814
-0.6199678610217606
0.0951662740109186
-0.12596683807360332
0.06162385751228472
0.39851728303144596
0.029236239925246932
0.23456216830579657
-0.8596246763299495
0.16764574627989515
0.34169779495580055
-0.13507251329191505
0.25183325969110304
-0.2203801280001202
0.08753868536598797
-0.30304242772310275
-0.13947765534384882
0.22847960569635006
-0.03313813920005093
0.45135870160570657
-0.65054545633334
-0.09721560805701646
0.22000502780075037
0.23957173776383822
-0.4675782594749932
0.6546377996132915
-0.27921672752175497
0.17594495836548307
0.11937463959994077
-0.2324416358140814
-0.059730869445557166
0.3300349250152499
0.17046606310325751
-0.053974430054235745
-0.3751827038240919
-0.3625977128488459
0.029361952354400422
0.5473343604851867
0.006317330216121353
-0.1938871087894587
-0.438280131240705
0.04551307203110044
0.6178277695064475
-0.34704308526271077
-0.04916391224652439
0.48394052972659785
-0.26216490481811205
-0.3619402779609866
0.6529164440129942
-0.6268542663516303
0.13300606606086274
0.20267569153658505
0.09448463863771794
-0.5643592395024128
0.693647901091136
-0.6121100937664598
-0.17051205076692577
0.30701277466541244
-0.1143820298720456
-0.06783543794973668
0.31970617596400375
-0.012878172823539424
0.14752474392754988
0.07431080780675003
-0.5497365225983741
0.33126258399342345
0.5342664168385733
-0.06739275456613536
-0.17762269684724175
-0.4280713454962257
-0.20307895788055397
0.32205765167766254
0.5009502867311707
-0.7153796342343407
-0.09573332489416031
0.7430079551729302
0.11882399237105101
-0.6078977102288959
0.20643305820360525
-0.041997104657964024
-0.26757586047353776
0.3916408328801668
-0.04639802608930799
-0.14907447639713378
0.19466054366873387
-0.3250507160941498
0.06668568249085471
-0.2974005839943127
-0.07650289300823387
0.568083107903826
-0.5268660422260847
0.09107937611955497
0.5478937933986854
0.11559558312093421
-0.3231228241722425
-0.06411528797159072
-0.08326744399181552
0.2210985683037403
-0.06823614117387933
-0.21147732270311326
-0.18199138909684676
0.3250201519379833
0.26953871629923765
-0.3550814168932106
0.09434570834910971
-0.03598263316804462
-0.2974812103310217
0.3122950801738501
0.38814359869953263
-0.4721621095271481
-0.24039079591258405
0.7668489589428804
-0.06084236204106741
-0.32190244868706497
-0.12058270279742467
0.5918727495238402
-0.2162252999231835
-0.09443095000232049
-0.620625295905825
0.021479993621885796
0.7814639421952209
-0.7070603638850529
0.11304182424612019
-0.10291400701362974
0.4584642259640195
-0.5620246558062951
0.17843452300104878
0.40560096038775495
0.18741431624909866
0.05617645633388135
-0.18784073014098301
0.1925416817002782
-0.8237548156657708
0.6140775043838179
-0.44131162734147966
0.16499538513121603
-0.3540684658296058
0.06664432157500344
-0.036221574709419
0.15401742664398888
0.03047519754488548
0.4236789446057777
-0.5156674065406526
0.0787080773354909
0.5077395016032367
-0.6244317232851444
0.5862011997795613
0.11875839992734838
-0.7122977129596655
-0.056239599226486914
0.1533946078931817
0.4765043513802003
-0.10152725549555086
0.17674543133019616
-0.13605333279541498
0.18921752849366646
-0.7215294856933816
0.7424308928600791
-0.28583708941279584
0.4091768393239149
-0.7913329712134763
-0.1370385682918298
0.9598887239046534
-0.7991374245267996
0.19348893699644265
0.41686794627627066
-0.0274031882508059
-0.18157135425407855
-0.3246099956002588
-0.11677061466840355
0.6337777314498949
-0.6277095892162272
0.44649657192258463
-0.021587807810226955
-0.1534862480358523
-0.2338341103342867
-0.16816930129422003
0.28711304315516917
0.6964338869752275
-0.3893887819667283
-0.008955330775466508
-0.11066294979110192
-0.1324628237451575
-0.1426243889275285
0.2686741153158638
0.3495953971088699
-0.10675030736612934
-0.48176840317450786
0.037377222905107366
0.5848429049670962
-0.6640013039413564
0.39178846897401376
-0.1270462590241771
0.15685065998920966
0.37770627593986494
-0.2517464937273761
0.07925439691337066
-0.6553068304234807
0.2550656396084945
-0.24311911542054299
0.08811617063242483
0.6648320804492464
-0.402628505924137
-0.08567129517732586
-0.11901054582749804
0.10339505969154017
0.11887048924229626
0.035690750640842483
-0.3249789330668579
0.5327734636248679
0.14348122596758217
-0.5845961543173512
-0.05283887047494862
0.1233581652727942
-0.35920355386733516
-0.05859531511659155
0.2949921643097223
0.07517171359583663
-0.15898261163630056
0.785891356710573
-0.24894738152101992
0.04188710958282815
-0.586925571917751
0.4027276006038739
0.3209964009071581
-0.33248137270572387
-0.09640276423302352
0.39915997711528495
-0.8255319136821024
0.4062011242732163
0.5088131540866584
-0.1816482452409549
-0.7985556998746003
0.7032171154450669
-0.2667083423675638
-0.39127619302075145
0.7127288319984892
-0.1786575176941867
0.23684548217156165
0.034812647031033817
-0.1886076985289904
-0.25856309859657434
0.5604478787169047
-0.917787721029975
0.21984819865104255
-0.1276938632818676
0.22281660000446213
-0.0649492129125514
0.13300662770232052
0.4871749510891801
-0.7735694600506371
0.4349719123634098
0.2336244182342606
-0.2947603213839629
-0.48805548260672094
0.3944859241438925
-0.2727168842671873
0.5751478423609059
-0.11801285385643134
-0.4162631415378756
0.7900368417653513
-0.3225744548651538
0.28520286582757504
-0.601472538758437
0.4527279852368249
-0.7952540897123745
0.838667390051203
-0.23792129180057053
-0.45240119216717123
0.08884007655458093
-0.1977698819277306
0.5411264386642556
-0.046244711920930937
-0.21374272157140628
0.13821201432033392
-0.10019518842516595
-0.1939852119278518
0.15896771271543364
-0.050716622530697864
-0.16058401667509237
0.2573871806681921
0.2434064613051582
0.24822775026060928
-0.6771182682754026
0.08493903579522177
0.6755715275379426
-0.1898452378441231
0.017547066413953205
-0.7791050532803823
0.4201786359726868
-0.1663323416092668
0.3147032553581818
0.3568148887847926
-0.36209179337846864
-0.11249491058694716
0.44021651041629806
-0.48523415903713163
0.3643221620566913
-0.5773947429130121
0.19109950850965252
-0.3088133303862288
0.23583218717626997
0.44852904986115405
-0.7600845651554161
0.8263181780400218
-0.4881688383721353
0.6099082945191231
-0.024805010477153333
-0.3638802482951051
0.19683967867863006
-0.5586603520789795
0.16984559677273847
0.2940270044613825
0.1560224386196285
-0.05642755672605748
-0.15724490340673158
-0.2736869385087578
0.25465407874835755
-0.36324273188051615
0.6501961129469565
-0.1957635295701653
0.26130932445917987
-0.9197021583246491
0.23653507051509393
0.5331172070125286
0.037836796695993935
-0.0992978376846878
-0.3743933064983943
0.6406164331776557
-0.5217832382167837
0.18512248444195978
0.07405082771093541
-0.6961070743437876
0.9479145360155606
-0.7489562553337876
0.33099122637000167
-0.5623343305494394
0.6333417513347389
0.3383909849823852
-0.3059572681338243
0.14721751304298192
0.14246842992554587
-0.1109813875194624
0.0940613964549537
-0.7839188471386104
0.35557907136621414
-0.3375713829439303
0.176901321472399
0.49061513627654474
-0.2673355239040598
-0.28871415656054045
0.6594996306355672
-0.9278147746121023
0.7115210021468057
-0.5209725961259286
0.6557485957138673
-0.6423669194830058
-0.06404386672980322
0.7416940671752535
-0.4753284075135943
0.31795950552341334
-0.4204164504327498
0.4830617507630516
-0.08315849596548885
-0.5540095745252637
-0.1438517304965915
0.3801279249608369
0.41633884682398326
0.07514358782727926
-0.6358112783364236
-0.23983316737451377
0.18056039668108192
0.4859275430108121
0.05140852521998973
0.07018755250153408
-0.7246327170588479
-0.046943250404520076
0.9335663058254364
-0.3199850898951253
0.13746772294538945
-0.2826003854033732
-0.07110495617474188
0.09948627430332813
-0.19297313354315715
0.3744380639561916
-0.041417386258666755
0.08581935082955827
0.014146247392292643
-0.07544083365427179
-0.0820529520469786
-0.20002236832037135
0.08235882145523665
0.37311336491808345
0.08607305884963545
-0.035429818080299325
-0.5956756901030672
-0.21019702058599532
0.34439760510427664
-0.38062477945097895
0.7474791920339734
0.1085590412136167
-0.30162923544629994
0.24793409501389518
-0.37442255683201575
-0.2991294953069559
0.12049576864232014
0.24128278080696108
-0.5648362482007004
0.3753004891966498
0.5565896172584452
-0.9284328887908447
0.3906264771428817
-0.0015173935225053503
-0.08107583319254419
0.5311518164348441
0.05870340882007252
0.002952543714682121
-0.5789193457437876
0.03946290557599064
0.03452260518888162
-0.027237170180842485
0.5795933951577106
-0.12625310702595327
-0.5460406315824595
0.1339932159297832
-0.17254727391606672
0.2577657718484879
-0.14161475993856198
-0.053746723541546526
0.5406098435809957
-0.4474768783166847
-0.34440814820521615
0.2687173590915455
-0.2593385234976622
0.044917258756149714
0.8041195593303261
-0.5022457737842895
-0.3350478720481651
0.33447022878537824
0.3584022894996468
-0.6354551554731309
0.5600906057902325
0.01934367675828208
-0.007137762227364175
0.21277552300872804
-0.875075165582771
0.7561786451681954
0.06247274634066524
-0.692244441708364
-0.09577918205022684
0.8229467746825386
-0.07669239657072746
-0.08488826293084895
-0.6200768124021736
-0.08727544612684401
0.7362093372432882
-0.051310466262024845
0.25494151924291264
-0.33902537186111814
0.08036065386186408
-0.5092606765047796
0.5112159602361948
-0.18272831244050314
-0.10561460810897305
0.27746700737013763
0.09275047312644158
-0.4663991768039859
0.2005372092157799
0.10164643311754074
-0.333339767724004
0.16460709571435173
-0.10599033214461762
0.01041791834674477
0.1907564750057268
-0.4294784967630817
0.20183747240035266
-0.1683380056828243
0.8346009129643628
-0.7239213829840545
-0.2695360240165443
0.9781689254044683
-0.039277473561062815
-0.0749044724985285
-0.25546641839087403
-0.22465540902001802
0.5941966038017833
-0.9052453599639512
0.048232064994899515
0.27075868634254574
0.5461701384826008
-0.5439040376919398
-0.20012953973358238
0.05199527392030967
-0.10867518709920576
0.7830930891855573
-0.4637430031880856
-0.2286544446920603
0.19588578302980264
-0.09025103101191345
0.3615505203808451
-0.10984608445319766
-0.3937773356845712
0.2629475539590318
-0.23470451177925522
0.1874522008743732
0.16465711541242656
-0.3833626497571684
-0.058159051349485846
-0.09984607685124658
0.7163846564307341
-0.399658460418286
0.4329052770457701
0.19860441891538927
-0.28904894932857284
0.1756821491083762
-0.43733725578134997
-0.28115682733474334
0.6553562144819028
0.15248246785965613
-0.21907441129418825
-0.29441889128722587
0.2525012029279391
-0.5784215087023379
0.018243116301493334
-0.0181300505351083
0.8284645942306932
-0.3029104314684762
-0.044855883116649564
-0.5441812784664501
0.09532139160980913
0.7599984601182032
-0.9095445294251152
0.7963962825098171
-0.17574155302911088
-0.531976803771592
0.7643452083257223
-0.13403949878281407
0.07406636373326558
-0.14358414475528491
-0.5804928936606701
0.7627688757979825
-0.2090780719106773
0.12596893023380262
-0.0336041629241155
-0.0789429991981323
-0.3854544452842187
0.42670719556030956
-0.23332150578909194
0.4477209380889602
0.07318425511975979
-0.4146466428555893
0.15011317136040292
-0.007421551658337688
-0.13081026080518188
0.08927488573198772
0.08857348973456869
0.04830485383098948
-0.3791839850371971
-0.033154174192190355
-0.07612086533066542
0.3814528990503675
0.1318132375326212
0.17242363603722732
-0.9661501793351395
0.8518521046003148
-0.6320993953466577
0.06699405784544255
0.6670655286406624
-0.40895660536907974
0.1509564261665738
-0.02235187502259095
0.07850266061750988
-0.18898992274738258
0.04421773069082746
0.1719828494773794
0.09798693075889997
-0.8965954424280832
0.6202495744912032
-0.5682786080444459
0.0996231960773144
0.3907532989749093
0.43652293670221165
-0.8744878514514245
0.6153276767652688
-0.5873063164381916
-0.11399637714596178
0.4765336538644561
-0.41697983399038363
0.3513873418975376
-0.11607154862430114
-0.13702338308275086
0.3480432229265844
-0.13084388247644418
-0.03632645490566333
0.051706767210165205
0.33138105966718223
-0.32057964028805075
-0.20336684499078794
0.6278875553414984
-0.37970261055260823
0.41978390551798705
-0.8701508030619205
0.9744400829978203
-0.6390664716022746
-0.3364122579012293
0.9684869092851641
-0.22689898731079483
0.17257763605566157
-0.13830645607638614
0.11355014172188549
-0.10638680283237223
-0.41970975325079374
-0.32336559692226885
0.561820233387643
-0.6113329178811632
0.1541325535946354
0.7989098373213614
-0.5250032981829341
0.40622653082889604
-0.14802130527659607
0.20681848808695402
-0.8159267636598185
0.8793652215887056
-0.9554034050760877
0.09040245883757114
0.25354672564669034
0.2315643672232942
0.20272254437426152
0.1631679159704723
-0.07523540766257386
-0.22948404863400673
-0.4502094443293836
-0.007436146549686828
-0.08190443870092201
0.48357477816180683
-0.04296604551225014
-0.14343494621405062
-0.11894199770984659
0.44889332221365086
-0.2565907169643269
-0.21706508458728258
0.5873052828322811
-0.45788034336181704
0.16401845833975426
-0.41877601347803295
0.6100160013252203
-0.16462150807829778
-0.3030460992765196
0.4327869906900028
0.22123419828286683
-0.13321376946443853
-0.42715919417285286
-0.0986828021506686
0.546113194773357
-0.16826713446237718
0.038910549577555464
0.028887682589753605
-0.5835396253279687
-0.043325306798252194
0.7284600237417173
-0.0008400195501491181
-0.3880978000586097
-0.05692939106243944
0.07914999898052277
0.1756785593698107
-0.5271275045547527
0.27182081572505135
0.4057613226213028
-0.2534656405516017
0.122800004794821
-0.6390870369958522
0.0991482373390441
0.5459128686161814
-0.32191457998135986
-0.0013443375361756882
-0.14246979017967143
0.3739477605519681
0.20450042149710423
-0.261935941404838
-0.35887653987387025
0.09550537423356453
0.2899456512575572
-0.26481185464400425
-0.01727202173218212
0.09989041925942721
0.5923701922659608
-0.06863478219932151
-0.8176041943128061
0.011733850094540421
0.391841274812852
0.23193163372392445
-0.17744760583107022
-0.03705639068764843
0.0453932139826122
-0.03405060624137546
-0.16902035871438081
0.11972590528215232
0.010315739158864856
0.31750839789915064
0.16566637235792447
-0.5633555634422033
0.19974718593701823
-0.06323341344683353
-0.08229190637030137
0.08257197646962877
-0.2748245231210572
0.6595308141337137
-0.4403739756445305
0.24526534354807128
-0.23930552442363684
-0.16205899119348144
0.39592339991792525
-0.5163979037667932
0.1005748307354567
-0.22300056392377265
0.715568616420601
-0.29032455887231035
-0.007634212715721178
0.4185100625521041
-0.46551083791813974
0.5436961423127434
-0.3279088470434586
-0.13909531724334978
-0.2256793624232335
-0.21267331271436596
0.4868901912221122
0.34703992808044126
-0.46140309559367454
-0.16211062471820226
0.23260391355845256
0.15141243917809788
-0.03382886952365227
-0.1998227111938815
0.4840768844614195
-0.5010239987904496
0.516972096275969
-0.050743188017079666
-0.7649331390175156
0.675079072754547
-0.35929763182812047
-0.12211805209755622
0.33757058979457744
0.3541251333661014
-0.32174755601470617
-0.0027166972972685333
-0.4310656342166218
0.19233714274626212
-0.3618430668393756
-0.052007727706495976
0.49348406907017217
-0.2263584928867789
0.6853841844049089
-0.3833077871472922
-0.1929698578734551
-0.13248760008316174
0.12317707551735624
0.5554506278252799
-0.6521121120363055
-0.22249193750904062
0.5383402037805258
0.23805636151578258
-0.1241613461738934
-0.4553961768079213
0.0842425001072239
0.059335150984302754
0.18437433056476016
-0.4531907807426867
0.0746744746293535
0.3268849347371511
-0.5295968730759908
0.9254550165466241
-0.10498641780042184
0.10641719971058594
-0.5343137235119095
0.43860810583141663
-0.022496641273528795
-0.5710112189513737
0.13130472214408306
0.284744342068489
-0.29853561036683063
0.46258042087698614
-0.42287197950574684
0.11211650553252406
0.026838878445040404
-0.4389223331830555
0.25326056975150113
0.5084217303983337
0.10360277830429443
-0.5347251186129539
-0.37764207351027024
0.752792791826357
-0.5819886872237893
0.0742971056710251
-0.19282287341293136
0.4829131711933424
0.30591711968728974
-0.5774934150669397
0.22248587738073744
-0.04645179190396187
0.3729084585792275
-0.3065070466282307
-0.29453550825655794
0.40490409892370505
0.08265873871153173
-0.5316671939348304
0.32855300168187784
-0.1652287123408981
0.5704111699849307
-0.13872569112862476
-0.36235468767008194
0.1284777845901015
-0.40630488232929873
0.7680711083423507
0.054520191071279256
-0.17645378063579142
-0.2759978170534775
-0.31165865243353974
-0.019930297785615503
0.6631848345258996
-0.8258506226030573
0.7143051588142324
-0.32135302904603014
0.21158588427896363
0.24725770792922008
-0.3172333705663708
-0.4124163347527193
0.6942042856466208
-0.004978953893328808
-0.1363678728023524
0.0812423429370297
-0.4673709069704637
-0.15322821227598526
-0.17660653317387276
0.8430367580604335
-0.041671633424511856
-0.7130601226782983
0.054462554783295536
-0.12465089196207857
0.2713585101459314
-0.0769995103423613
0.5775049326099075
-0.06838141959232258
-0.12325064753336556
-0.3936477749918247
-0.1576644299854496
0.6834506704932896
-0.4691156580654875
0.3148227221133758
0.05653301682531675
-0.11554878592574402
0.2058599954773236
-0.2821645499026194
0.2957082090194665
-0.6921547510308873
0.3826332092364496
-0.126193682367144
0.11386901127985105
0.5065756446794066
-0.32885460260952404
-0.4792358773376667
0.3986578363359363
0.25820161499644145
0.1948367514673751
-0.014443547903977727
-0.04885093129199802
-0.11804699752278403
-0.29898341860515276
0.479062057334942
-0.8898815641794865
0.533517138603743
-0.44753795309359956
0.7928127164386362
-0.43314769927624475
0.15434993665089325
0.27868370607303095
-0.9057407289629984
0.7660524264151913
-0.6411156380781081
0.6276417672279672
-0.7406484701199066
0.021324952298727773
0.17585577499719574
0.4227702676835182
0.2797365015786677
-0.311559079621497
-0.36939478607374854
0.6654487124143617
-0.8432409804648708
0.6293509542626211
0.2565345601710476
-0.05391946551491367
-0.5903823027786413
0.3090151610856692
-0.07466551671431976
-0.3899626828870849
0.35666959947739796
-0.5258500157098244
0.4207657259981634
-0.36043619885104283
0.6651958581144783
-0.06558384866985167
0.23233047210933933
-0.20873675643754452
0.07601965822769396
-0.29586776862620257
0.38489981574416554
-0.5463401697209147
0.29653767222203764
-0.558731425259747
0.886435425309639
-0.4679654042422816
0.5054611165034605
-0.34561936160964746
0.044596891443155706
-0.4190886954931615
-0.00343052724401971
0.07033081571318278
0.6413344241752591
0.021542623967920616
-0.00950842173801092
-0.5511716633149032
0.186809354829247
-0.3876541752587994
-0.030962841609683878
0.02630034989129615
0.5726812273437626
-0.2715318497755519
-0.35064101801011194
-0.1488017198639513
0.6983714889278899
-0.007302893592087134
-0.19547369420983107
-0.48976588142981226
0.8532517052847346
0.09229464901704365
-0.6328124152027655
-0.03544340069445184
0.15375324510651722
-0.05013797359468042
-0.2833183243091464
0.6447537128431644
0.15237088293805012
-0.838323940402535
0.7000888374354344
-0.32445260925752417
0.1606513539954344
-0.41365993541022683
0.42759483163365375
0.04291918681706863
-0.055829585299118634
0.2967232317170271
-0.25146693813896515
-0.21160386359910666
0.32840129770006965
-0.40706396778595966
-0.2831503002162269
0.38937132918971706
-0.25267576752573107
0.1139754675170489
0.41203108140696254
-0.682913400386153
0.6788089373401112
-0.6038483982209546
0.0003677546456364311
-0.0426987274803613
-0.10783187343391065
0.4814355784266716
-0.02193556790819573
0.16717142856931588
0.3632987050232591
-0.27705614955573876
-0.4772167866693462
0.684014467794114
-0.8897423209682949
-0.036001630824246234
0.3370630863939388
-0.04605694736895993
0.2823239469485306
-0.5248677397519873
0.9170728940793353
-0.7869765744734479
0.021118448958694858
0.18382987160894326
0.6057587584009063
-0.8694478961929323
0.0331880536372503
0.7540910854679139
-0.1295943655228592
-0.03453650737672931
-0.3937421901976833
0.3210024365819836
-0.06899823766755664
0.3778672143341416
-0.34251235946174596
0.27501542606759444
-0.040003519052065895
-0.1826156340411379
0.10726141679442236
-0.7151534844628131
0.039365557611181434
-0.0850577558582909
0.5124281736521498
0.3159727730949451
-0.7138797409913619
0.1434905806538206
-0.011240460157411647
-0.018384290373568368
0.444134663797766
-0.10411647217971409
-0.0049895564191692054
-0.042234263671201644
-0.10311568209627209
-0.38274500642781706
0.6584257070495464
-0.4725857373092247
0.024258261703031914
0.3576329713800689
-0.08576042784396798
-0.19018936244565654
0.6245694083034544
-0.9833768887563031
0.9462422514457931
-0.3606813744979802
0.15384338876903614
-0.26723109401181955
0.04509864396346208
0.223913305714305
0.22797183511037966
-0.13999064078458756
-0.06461024814297911
-0.5854891359130441
0.7087536376374683
-0.08155294170691763
-0.2943987395138079
-0.12852578459494024
-0.24499290273036445
0.12018883723938867
0.5987788016428572
0.04459414246317783
-0.6678195969587508
0.48902720357310714
-0.32263400628395655
-0.052497639492322
0.4452696404808201
-0.0777237561503642
-0.5735730515086902
-0.11685060452192897
0.1669757103465045
0.6289433795308955
0.0870318122160445
-0.4852298543171235
0.11594553630852433
-0.4793284679916505
-0.05746449128490616
0.36878268799677594
0.4311220394774945
-0.7481984780026475
0.0755668356328848
-0.12645729630770253
0.8760678443944439
-0.7084330186911488
0.03099446776940229
0.2854959444345827
0.006325688392096462
-0.1479293442065096
0.5678867697413622
-0.05373958069239082
-0.5957635194299119
0.3314653711955622
0.2749125495928685
-0.5162179232134205
0.17827329328024377
0.3526244121110875
-0.5320184081241978
-0.2981982488178827
0.35696479204404485
0.011756118591148002
-0.23323841034773674
-0.055053535150324406
-0.09570479208112037
0.8653778977325381
-0.20589955513006286
-0.3985217614881945
-0.21003140168414713
0.8927971510383925
-0.7964908016607216
0.0397754761864082
-0.06987974183290524
0.4887697684741632
-0.3883774898390071
0.6244360149686367
-0.410708942617942
-0.09870031955819714
-0.10428892350070773
0.09819277141586258
0.09201231675807153
0.05943990126939347
0.32695758941187747
-0.35089369267717196
0.41688715926014774
-0.3802474267408428
-0.10105904587945813
-0.08456321108008424
0.1564805559153465
-0.06282810101583847
-0.43789792951662054
0.9055789686827869
-0.1767392486317203
-0.5791119976435751
0.8219939617200605
-0.7022987331761015
-0.2575972113943027
0.5606189870741014
-0.17300879586749796
-0.08029753674597218
-0.263768912783962
0.6537689609745325
-0.6685234960892315
0.2059902032825165
0.6938826484656665
-0.14710028773439499
-0.5575783803442445
-0.08273733344597334
-0.14098730357212041
0.5959623195755679
-0.27274244587479224
0.49268089708277685
-0.5390657453182494
0.5661923097223279
-0.5093722695807923
-0.3155754908527115
0.03675856120134735
0.6246298349727956
-0.34468879265718644
0.0017315460311972952
0.4237309155623311
-0.0765667608501277
-0.015645535725650084
0.13665646286148225
-0.11865296633762445
0.011191358261464668
-0.3841851717278457
-0.2091187570808264
0.3012152812830481
0.21846723405022428
-0.04114818030820344
0.2961666970359105
-0.08677824580194082
-0.5180032560298815
0.1707946817002599
-0.20144490156873085
-0.035679499435119166
0.26655296507316395
-0.06177143887868608
0.19098336550950923
-0.052618830757184654
-0.257605167396633
0.005016925279575313
0.29563214458569764
-0.079021126641876
0.17981754854098353
-0.5597301718961112
0.4398456009808489
0.09106940384445672
-0.029577002916522765
0.039501283986179136
0.170903888622144
0.09331922818894367
-0.7298106386693722
-0.00787073486686296
0.7630143559377058
-0.35121294532586667
0.28286777817353603
-0.4017256995618663
-0.16819045165201518
0.16300853273912863
0.29343715637878387
0.02957467216922316
-0.046003644669899146
-0.5852660983331821
0.28667867954872506
0.2579744434704315
-0.05364705938984393
0.013643633829593105
-0.610903857978952
0.7202667952577823
-0.14633716926030427
-0.16175033878892464
0.30713439018676925
-0.08415951769275509
-0.653001666824451
0.39987272651133543
-0.018960346790432014
0.49335820823006193
-0.032766982729800165
-0.21334805470218066
-0.3737111422112943
0.14380144547160745
0.07276982094460083
-0.24335225156322282
-0.07472157050826023
-0.09521018462342412
0.13919146524333592
-0.07098910874148756
0.7092239050103211
-0.5480889721880724
0.34819664084770674
-0.1281887930460105
-0.2069287291326095
0.010454499858881361
0.25819146811243754
-0.44061004767893763
0.676989154146679
0.08646365998091177
-0.17074938789166594
-0.0818543022565541
-0.3554836751478192
0.12862337704311322
0.4507204130525587
-0.3707347150739919
-0.27512401852613255
0.5687964857853426
-0.35118577017150776
0.0037940969318520645
0.16761729962959337
-0.10072106988913054
0.08169212089036648
-0.5540582269331942
0.5481026601546846
0.02748138683764567
-0.33538449949947646
0.4893969666014161
-0.7492502705424248
0.7695581894929839
-0.557610369420976
0.023021445700111554
-0.3082841767712595
0.07560916437215148
0.5295212737031294
-0.06209038570559666
0.24074836815663925
0.03251760279094629
-0.4305326945985686
-0.23891094274595837
0.61471939604031
0.17174842522842215
-0.561754441898503
0.13942696200558835
0.0601358600524905
0.15269520644243717
-0.3195923042674855
-0.19124319868068906
0.4662798655947963
-0.1401707998373103
-0.5241969007676227
0.7363901209330297
-0.02371907516354732
-0.28950206299375747
-0.3764522390168613
0.15602024769533784
0.026528319021405622
0.1639258071955918
0.37416357985448423
-0.16840964162372818
-0.01980090906483689
0.09714847177721675
-0.15261703954409644
-0.17920352328891498
0.19807062495131178
-0.3295432652100092
-0.19513889537565043
0.16739413994305774
0.012434221434243553
-0.10389971403814457
0.27867701633326836
-0.11694451841113707
-0.23262958353771257
0.6176396701186421
-0.24310904735520178
0.00684395132285609
0.5617197212522926
-0.6955077353969179
0.4456308628726109
-0.4632508484180735
0.4279819726934416
-0.4071222058883761
-0.07586709503800715
0.2229386760381058
0.2199996176234731
-0.3403945689546244
0.04976158059605851
0.5225102826516734
0.051954942149412875
-0.144660791443604
-0.0023480968213359654
-0.0330464078988284
-0.4612713168729071
0.41883933433456244
-0.13644046792445608
-0.31300510790418634
0.3305151748729809
-0.6068567704267702
0.8962026758525599
-0.6377395972049508
0.6515461410466226
-0.24411866729978837
-0.31687873696536106
0.07942166571560194
0.030028805107414902
0.4828665401233655
-0.22187802473814922
-0.5209152493638917
0.5626359422645801
-0.09640565431350401
0.28815904903978673
-0.3425752301018995
-0.26265968816713736
0.482313404150127
0.10781991281737158
-0.11049203154421505
-0.13834003600585287
-0.6885194711232189
0.603998034554503
-0.15722755373282893
0.4942007798832516
-0.6019506450538076
0.6134807044013936
-0.8446153447691438
0.48038770044804324
-0.2414637284313158
-0.19761556691725868
0.07612632235858174
0.2869448436881197
0.03926062108659034
-0.046382763419067774
-0.06275559863815139
0.15807811545662587
0.23287413436825433
-0.744122842365272
0.5981623930764377
-0.6742192865642355
0.14551559052616092
0.06228909027147678
0.10105431867395387
0.55241894550411
-0.655021010347984
-0.11260197790384363
0.3149569507294774
-0.375157835684676
-0.04421749079425907
0.3959525749528916
-0.335177421717729
0.7615515933471437
-0.3753508066795308
-0.24631682413749867
0.025306335791575263
0.7506950771738192
-0.7751466111385347
-0.0846665700554925
0.26159018226691133
-0.3791793136610766
0.17283889777180272
0.6535825128019009
-0.6132360676102179
0.19233618836205169
-0.15961340302274696
0.2420469898917731
-0.06984103135727737
-0.3705970604933325
0.8385273576163262
-0.06473273118168854
-0.2883163874923076
-0.5054585598918712
0.09966255751638697
0.41041973385257524
-0.14348635196855708
-0.34250835740076546
0.3470177435983177
0.352424256356332
-0.5729871237882854
0.6550216017439606
-0.20844190434342136
-0.35782261337808086
0.3638787159796798
0.12419927025136135
0.1616245914842629
-0.4517144955895994
-0.34727661216607086
0.7619555564618485
0.05129051624577141
0.05780989351108112
-0.9849228851161527
0.7397724606963426
-0.0011144322677151264
-0.06543903448266464
-0.23742950105928318
-0.18300805056558356
0.45734929333509744
-0.3508640735249551
0.48823335432082815
-0.3748844723795498
0.22060452225286065
-0.2229729681411915
-0.11290235317954078
0.5503119732662104
-0.23268057075408344
-0.1886339779947821
0.34387934903441986
-0.7999720696458218
0.563215640817271
0.019769745950834472
0.20978254729425194
-0.17782914336247602
-0.6207404531648362
0.9081100515682125
-0.016061255886554715
-0.20083345528198993
-0.35881669038988917
-0.29186388024580867
0.2852198958552935
0.1492883238381152
-0.04795156389204114
-0.3315932571637503
0.1860562429774978
0.6163186495784385
-0.2952570709355087
0.3514152046885768
-0.018397211883038556
-0.8177280731818338
0.18628950238960618
0.48415308879994046
-0.40962108239568573
-0.32655570980156357
0.8132671602008936
-0.0650460565680937
-0.08562719093228988
-0.10150902467373746
-0.018109048601448574
-0.421826167725349
0.07907411103646234
0.1405676114488208
0.19733843196791956
-0.5813372864613494
0.11658524973131323
0.6710730205798846
-0.756358959941051
0.24651853748551456
0.42946117074147916
-0.5352734110333909
0.4906189786858236
-0.4768800520657116
0.48320633152184633
-0.1242905916986119
0.33871687385151483
-0.027607349725448982
-0.5578158671496616
0.5713763460923943
-0.705360918628188
0.5289027510489701
-0.6076367412383247
-0.0013562938069719976
-0.05372866947824151
0.5645197694254956
-0.08500659356426665
-0.18261879875350495
0.596657314807851
-0.1315519907591851
-0.22330381005950695
0.30211179519091946
-0.3303299479784374
-0.49225920880595897
0.5988279144462488
-0.581273653813674
0.2637938072179755
0.5136645473526354
-0.42735412928521244
0.44305128614046885
-0.15412583350254583
-0.05513426696200896
-0.26355078105201846
-0.42277033642740547
0.4698108871120037
0.28291875006044076
-0.22493022904170434
0.1471928298684284
-0.18294677221523847
-0.19869829876187783
-0.23165869580437992
0.3211116409499426
0.3696517184784104
0.15276268179490227
-0.13960329814399175
-0.310854326216776
0.0785595231384636
-0.1511141719983664
-0.015269080687391079
0.4250807075273819
-0.7745292075716389
0.11581012367629395
0.3623316460965096
0.42476078515246884
-0.10508618352477306
-0.10023424341910347
-0.7101370628005009
0.010444558451340291
0.4107920604565475
0.027617330596714895
0.2880373136430393
-0.2193574791764683
0.005492706384016555
-0.08277492208330539
0.4643652404964598
-0.08483186990449754
-0.7328438877373055
0.6092185608539235
0.15785174770263877
-0.23117696671590582
0.2952257640661259
-0.8431835085575202
0.7635960016087483
-0.01734840090177192
-0.6867315313495356
0.5245004773807119
-0.42143399697467243
0.5935412072894237
-0.4434367123309775
0.25832717247348713
0.023249872771200386
0.22795093995615012
-0.5568491248149844
0.5722215906282163
0.07067239246859558
-0.28775271032427774
0.0105104060212321
-0.48389764874538077
0.6270603415489343
-0.6612615422918842
-0.05298928783466328
0.38186435819519804
-0.26859669475916914
0.04000944869466483
0.6788336814539682
-0.22770796484727784
-0.6102857977962445
0.7396054315475142
-0.13925444532781217
-0.16692197293705968
0.40825252171877613
-0.6165130600797023
0.1721807627590638
0.19717951395489652
0.1361535290445708
-0.614654720975453
-0.15450995566134362
0.436449773580873
0.14938537936661522
-0.3270012766241631
0.5139610286734627
-0.8535865421549619
0.09786275611879958
0.830265753077376
-0.9306085570314412
