-0.060307504080566066
0.309387942815888
0.02940324615225487
-0.45045845656462424
-0.35963785963929407
-0.5154736729843555
-0.11713999399699604
-0.09097465215494016
-0.3160480794965199
-0.22361133283981016
-0.7149305796422569
-0.08881571260728349
0.4511732985481479
0.4025968695127289
0.37558074480098846
-0.10583614810259223
-0.5106538829068983
-0.3820016870993038
-0.24528286625814066
-0.3529706295004653
-0.04413344674581954
0.5084554802103777
0.2667098003787919
-0.24186897362622217
-0.6129542071713597
-0.375707350945755
-0.2438914561030181
-0.07483065819151746
0.2667371599185284
-0.1309688190179933
-0.5443150383509929
0.09646715577408782
0.26109729186360775
-0.03788146389712432
0.10533718100892919
0.3323999681635035
0.6457418238353516
0.4578154372457547
0.18928103683871178
-0.24728985087611033
-0.2424972672014768
0.2644418098595026
0.08765588628544485
-0.442548104521749
-0.04658511620460548
-0.27716063449796824
-0.9813809390742941
-0.7187988163327652
0.10077471899345913
-0.04217728478757388
0.08932348252912614
0.9435301731687268
0.357349259402752
0.04230271772643923
-0.23901992433013852
-0.38043854695865864
0.5052007294953711
0.7566948365737057
0.37086834231139143
0.13962532367124114
0.28333332930621435
0.522089056297811
0.295748037927102
-0.13951748234847328
0.29527484954304906
0.5735054148831166
0.21095899830822085
0.3672348054699124
0.27214032957294765
-0.42484463949579265
-0.17797124867538205
-0.1944098227655796
-0.3350069053820667
0.1882003266225164
0.17050699180585172
-0.3288341733067466
-0.3044906339602842
-0.1250872765570139
0.08081828692097759
0.5879923225703767
0.6031817691394517
0.7014427908291241
0.3729722861304089
-0.3173204080331017
0.024064067364247377
-0.15146628194829814
-0.015362047060471729
0.28932554421714984
-0.5074175611366737
0.15954386040679658
0.08124809170623615
-0.44019882769300567
-0.36544382984457613
-0.18041954935874116
0.31117316979039134
-0.14462271788386893
-0.3149984066710203
0.012548791924365754
0.04269162348308153
0.4630846431913448
0.5387436055506598
0.4926450083369891
-0.0050276359066294685
-0.7464455627110839
-0.6184723171048313
-0.12338047509550853
0.528332771418629
-0.10983809162518476
-0.0019578007691756216
0.9115582820453103
0.14367553344993034
-0.3141200553399782
-0.32750341139995043
-0.40943468684181406
-0.5251946888291985
-0.45075585072161206
0.286680566986949
0.6120482327594561
0.7480854614077944
0.319212449973756
-0.21221274443577076
0.4294218382439421
0.5125673097878527
0.5115210044901711
0.3543405825712359
-0.288661801203578
-0.008919548555826995
0.5702891843285304
0.3969390688383154
0.20975767048481386
-0.23014306304387588
-0.7445362600802304
-0.6722281800920664
-0.4485409680415591
0.37668887501377935
0.17866836252462004
-0.5083956874787667
-0.6690109667503691
-0.4433748915603831
0.06959291562883407
0.22403707415923912
-0.16853050116834678
0.10839110943576458
0.6214905181125562
-0.24553142857915133
-0.10386204019787393
0.8059286392144333
0.10444971777909207
0.016975407551363952
0.08807943493970127
-0.7074833724656436
-0.680726384662664
0.16796262460492917
0.6216203935996862
0.5875120067032241
0.14602747927539972
-0.3376675879217368
-0.20338149370688308
-0.439840816814549
-0.7811072562543516
0.011335359883246299
0.6408917880689415
-0.22008892412939718
-0.27677856545830704
-0.19757283750721566
-0.5147806694639205
0.12680899820909164
0.6038092793776638
0.6115269128438834
0.38828731832501984
0.502778272454631
0.49058223487389874
0.11820967162826079
0.19691008309175795
0.08711830873219484
-0.4385599694695358
-0.6873255926451023
-0.5665954703346934
-0.613891876160519
-0.6777497883102553
-0.10776135373949047
0.5187873338267205
0.6451199668717458
0.3868812828606908
0.276711354415632
-0.13304944513979566
0.02217998039875413
0.48897652286886584
-0.3746951566657477
-0.3437159558070906
0.43231972260522267
-0.1990587328486455
-0.3009408219485902
-0.08451313170366281
0.19308189319848879
0.5321421486732527
0.17049573894890013
-0.06380747797509978
-0.21073661485484707
0.4006107603199668
0.8658758208678191
-0.01962680797766503
-0.8277830172508475
-0.45994732389633997
-0.3833089335326484
-0.33178535767520956
-0.46192942168969175
-0.10406264550115218
0.15710326525110485
0.14050085000510715
0.6325799297180831
0.21948157127660262
-0.41003888353661044
-0.5846423727144449
-0.14936699305240153
-0.18454404818317038
-0.6196261785571023
-0.6681688667140132
-0.39530097921073515
0.0983966714952842
0.12827607201535884
0.3065898290409199
0.29230659278233784
0.24777128129861914
0.10219869357543654
-0.36420423801275725
-0.3156870794624014
-0.5745949063577898
-0.1275076858080837
-0.02243335377099709
-0.20863279942888946
0.5195941219507278
0.241918562593051
-0.27989665817901743
-0.16921527167220285
0.16406668027231763
0.26017072626193516
0.16088397955337463
0.1390105654149255
-0.1718918962852619
0.22017776732834238
0.658641888684952
0.2809395828787611
0.2960675121436187
0.49855031204896705
0.37766772753946654
-0.19405820090854842
-0.7892321172207674
-0.8896601743981868
-0.4964947914596112
-0.317388773983704
0.0056961276892393276
0.14227444768843822
-0.3991444115401823
-0.3817112907528979
-0.3016931433434643
-0.5928460254403575
-0.20150564059048504
-0.015509018214328263
0.12760865591148807
-0.062356793748312045
-0.7449843867096557
-0.6009664290118729
0.03270392982370174
0.21991015594778818
0.351486788782846
0.012584562079619888
-0.5966690346422988
0.07680747344095207
-0.03671461610254945
0.10060181908978227
0.09113171622711125
-0.713341214248914
0.1259451460439751
0.32181126307669095
0.2828400528243097
0.42044250637464897
0.06459368272272004
0.08126812610225898
0.16241902603448943
0.6653900650152328
0.5334179753423433
0.404287419873703
0.32528409529205327
-0.45658569226594936
-0.7167657088551564
0.1554658105766259
0.11192071058663988
-0.35682637602052036
0.43995230071618285
0.5709271346234639
0.4964749902272966
0.5098280799099987
0.5998699959230829
0.15802684246881382
-0.1776870612906729
-0.2585152782526503
-0.4384737939358786
0.23039579806430155
0.48221419868669657
0.3110383629908694
0.2815035244064683
0.3728576592771019
-0.16453133807466858
0.1029665694306241
0.715733110314916
0.5952406174163951
-0.05031045555760094
-0.39045361332988227
0.049504202591315605
-0.36516568965980034
0.002964224960028239
0.056067526886647734
-0.3063719777686551
0.017379253089646718
0.08613840603762979
0.6055388348945339
0.5048220035438032
-0.05080236063553123
-0.03493710027414665
0.3021782433537834
0.40508353140854314
0.5772276299774564
0.35696959002223316
0.3035150894706813
0.3232492375299405
0.35447229343862463
0.6131338317438607
0.22220374842438473
-0.47693847484784246
-0.8235192897975323
-0.26987613936124755
0.09937148426097664
0.3164737362702341
0.09162537930688619
0.2773284512889834
0.34308334006087726
-0.13461645095381503
0.0836795067288073
0.4126532417955391
0.43873220732409157
0.3932967154046333
-0.12290923852727087
-0.5947623056338665
-0.3427805159663251
-0.10728492181737337
0.052536431093838876
0.1261394038850282
-0.3829423077970805
-0.7474599781811049
-0.7127119454169026
-0.7793160188316691
-0.4592447677456387
-0.5566751221741251
0.06801113615068899
0.6879171065935508
0.009395020089882689
-0.6467573058236706
-0.3278197703155288
0.4621494722018529
0.22693054493526776
-0.3933296336362403
-0.06383942985160684
0.47445338930626646
-0.2422754318817012
-0.9629644465443878
-0.21579239297128738
0.3222172463051929
0.3583171747203592
-0.17505433210591959
-0.9540465067980409
-0.81127588092151
-0.33551288950408187
-0.40268597867796563
-0.8637682811965178
-0.3442166505568095
-0.3422502599010421
-0.5780885250142405
0.03641055568328588
0.5591449667767937
0.38596031155466837
0.20630169024354295
-0.03167192007308106
0.04603575304584229
0.5684722139573299
0.7418039779898898
0.03980966047539303
-0.30828572036938195
-0.3608078145541054
-0.06016287213180882
0.8553452047662911
0.7614160293458878
-0.06067838062156339
0.001903963332423264
0.1274331036950508
-0.17703574588094495
-0.33871602273088974
-0.5039928319404063
-0.540552473960086
-0.28494820424094325
0.30552724845187373
-0.3429559194277121
-0.08286872713824744
0.2540679823317499
0.2766981311778204
0.01808807849579086
-0.46903659769452766
-0.04984736205817253
0.07437355381743949
-0.3966825763353149
-0.23675419636380346
-0.08679238664580458
-0.6749510376717877
0.08673400393858388
0.7204226414990236
0.5527233794860814
0.11943410279820621
-0.22309976601195525
0.43447667966240555
0.471320259684853
-0.10326710453064691
-0.3356994103310892
-0.1568903101572363
0.2944235521790385
0.5645174919004727
0.458987556588217
-0.09746195499241495
0.2369474657661862
0.5960573788097617
0.4240454594152603
0.708548878818492
0.39198083440389586
-0.45997146069300554
-0.8914736980721164
-0.832468195342161
-0.20773525142298577
-0.15041315149003975
0.051369406221249525
-0.13041051657214653
-0.8375459225401134
-0.28063992615731725
0.18143119901727822
0.07897568453767045
0.2886063650800351
0.04811485746404298
-0.332367310031106
-0.3492977865074447
-0.11636141134709599
0.15962268858129647
-0.31063208670668996
-0.5772499634818425
-0.2119609580133741
-0.4212196928644022
-0.39813452618329015
0.5340661789790234
0.19905091913696893
-0.552579534221706
-0.562185717516842
-0.37909734831623443
0.0415685207538572
0.5783081464724937
0.09578534908262559
-0.3749719765547217
-0.3080821933015897
-0.4760213449385249
0.2520330574084896
0.7782143915314431
-0.14263155211043077
-0.5104649778212065
-0.09356767342354788
0.299645975334658
0.6873956649812488
-0.07330834489995697
-0.07052245035387139
0.1289219494128131
-0.11191378931834561
0.5334024098784603
0.5359820854743248
0.347935097270909
0.1918728199506805
-0.0946054982371054
0.20600393185196864
0.06649743349398307
-0.1987956320545673
0.5089126552139621
0.7907692585037743
-0.0033481311613818843
-0.16289490245125804
0.6216042831653847
0.5395321140086135
-0.22861517925138253
-0.17132042634876843
0.33298366595376483
0.10389926515995906
0.19563478441726168
0.5905974306454084
0.25777217610517
-0.4815732155917771
-0.9131578274308275
-0.3060535008604959
0.6236093992594528
0.9297313433762201
0.518073208407652
0.12782351605396491
0.0012534860225791311
0.2622700830827297
-0.08833163195663984
-0.777639754283062
-0.3222749002101998
0.05568637347283922
-0.17575105365448962
0.10042043806288092
-0.18141839614455413
-0.2618046510428763
0.04063102065751634
0.025329533142882776
0.4408611889487136
0.5225185879178902
0.14214580371262675
-0.12943941645185375
0.30568085193066263
0.18272994192565883
-0.5831157586791424
-0.5014410265845228
0.058593961810095796
-0.3229297207725752
-0.5857225407793161
0.20525076747877258
0.3561377822556575
-0.21687497975853576
-0.6760792981674588
-0.1006511131862915
0.5021754500215958
0.40073783334378976
-0.01712736786806257
-0.7804325451231979
-0.958873494158646
-0.16398658145188527
0.3410330544411656
-0.4468482546728445
-0.8460731782668708
-0.37623119138842687
0.4747715990479817
0.17990581669629035
-0.17546933300124667
-0.2343121416269921
-0.3451475915464025
-0.4447023897008774
-0.22958496277978946
0.7089208482146407
0.2328067814293988
0.015457491115132727
0.603569682148947
-0.037714240864337834
-0.24578407274890035
0.46831119234592555
0.7708044831846034
0.15600413983859718
0.011896259688093713
0.36612589495177583
0.2202485127568955
0.6546796380339096
0.47145282901921326
0.45572710867429567
0.13837608079766728
-0.18432813018936
0.16521115013005816
-0.4780838010539764
-0.6902234768894057
-0.011491427731722736
-0.2339823333026011
-0.8420193838557243
-0.18387115202397497
0.3821223670013263
-0.28759727188663686
-0.3197892853588402
-0.3778267007559257
-0.7178936785927919
0.1868646910992232
0.5608315635108307
0.14958760928915127
-0.2386879353668916
-0.06118350882124146
0.1370871982089119
-0.1294242115211066
0.11265220480200988
-0.1784614944097347
-0.22216250376988467
-0.2841835066010119
-0.35878664424509343
-0.10023950443770191
0.2014392393725234
0.040465877514293314
-0.5503554324984665
-0.08575205145103615
0.251299081235578
0.060378618734129974
-0.16664499061257287
-0.08053394579938222
0.03930256227047635
-0.00955730274915112
-0.42478373301966843
-0.6699092743889633
-0.5674836189102747
-0.42314917447625333
0.26669474934434045
0.7875075220172488
0.5257202954019126
0.4468634546592558
0.1117247160228696
0.17874986821673156
0.657540312451993
0.7665257008824228
0.9283586044530959
0.9245035892579353
0.6483342620506127
0.09440111115273986
-0.1599907283453782
0.32378929694539127
0.6956791765254511
0.7417561409637637
0.00560235106934448
-0.17150067671034286
0.05468988365381622
-0.23227359087062405
-0.43830763410272755
-0.8275935178610093
-0.002091918072463006
0.6113511303312906
0.5363168074002228
0.038403122466341366
0.07766490381047486
-0.13000242176178278
-0.2582872273025517
0.04782826763466985
-0.5672523085537324
0.11796173143221345
0.11509341036318466
-0.3863702447673327
0.42144723624375136
0.5685053895026598
-0.3477543927393405
-0.9006792829837941
-0.7626981797304784
0.08163495971827062
0.2117754586472107
-0.5989551283708986
-0.5749976732622362
-0.05813826176279102
0.09499756570447992
0.37751217732253417
0.6414316285060285
-0.18110197762120506
-0.09723351006319036
0.4343413702848632
0.1123702339891186
0.25786167587831166
0.09966370366933042
-0.1274148495695574
-0.13882220438582882
-0.404212058900976
-0.09249041225594468
0.013701024936150219
0.3102061203433296
0.825325726909203
0.20828560535512697
0.1118915832448728
0.3829871626674518
-0.05723625500355067
0.27434925072947236
0.6167131896642531
0.5778711420457538
0.00784600714823147
-0.13116339220740514
0.39710358033594095
0.013061596293461597
-0.6422577410435655
-0.4583343577282373
0.2377440040280805
-0.20516403619062484
-0.6194460482842422
0.2342618819863408
0.7046138092061616
0.36777675316212477
0.2552699403938459
0.544325016141209
0.12904780688129702
0.10208957829730259
0.5993868241726181
0.03434299552310427
0.0890056309625511
-0.09801686180492641
-0.5637928907718796
-0.06258382377775673
-0.09876721848664416
-0.06431132297307385
0.5290500861971907
0.1500635600578989
0.02657225078178138
0.13022215728762532
0.017597564834644586
0.6056751622264938
0.7266080361798523
0.5457675191309874
0.5208965134246155
0.3757165481792428
0.46558145876772294
-0.08930674557063623
-0.9175603569222038
-0.6678699367199938
-0.3598482473172435
-0.24743184122237039
0.2938795498069161
0.37616923769115507
0.20189547804956887
0.5097260198107202
0.1784058861422222
0.08932787508132223
0.47350097967043636
0.7186692656124799
0.18284041820671482
-0.352396240685951
0.0888138121580565
-0.28898574039611535
-0.48233316571743357
0.3617040276060003
0.8981803330844106
0.8987221454343268
0.8153234578828128
0.5369855742737948
0.24048444670026659
0.20526263124311162
0.3121892034267597
0.11259324162108841
-0.2116375096493952
0.20040031796006974
0.676043430565932
0.33660950611704044
0.19223761832430486
0.2571544429558522
0.2710709564042625
0.6894181169878532
0.1632490904718391
-0.19034041331517426
-0.18509960336358044
-0.3741705367167495
-0.014189065438189652
0.5667895096554737
0.28035298062037395
-0.2435803374788551
0.04735849714773599
-0.0009622333409440298
0.3349419155563206
0.4020402998030729
-0.34880634840567903
-0.2198253252471497
0.05154874801609133
0.19266958155108738
0.08926084526464917
-0.430120933987052
-0.6562131231021429
-0.4264993955357379
-0.3284522609564917
-0.5549007976532421
-0.627588756532472
-0.45306894812350096
0.0015754632957757364
-0.37395007093007515
-0.6557539743574539
0.06949443206807471
0.4265775241009465
0.11317498239528223
0.28881021184314715
0.6213625100636683
0.35606495249348113
-0.15837923124236464
0.2619891752998742
0.9721186569910584
0.7344018653523915
0.1771144587090847
0.2371395652654199
-0.17207216096087663
-0.9586843723614016
-0.18081246539135387
0.7259053655702229
0.7578957545572408
0.587795232830527
0.19913797536812117
0.016383210163463113
0.4757187750985248
0.5558498976599627
0.10032934024546891
0.04299805508529575
0.4294903898228022
0.7208509705677362
0.8187860903366232
-0.04928733189678414
-0.7437271058944471
-0.05826482045328352
0.2766136758366269
-0.24834894629460857
-0.14375963315337303
-0.055014459699539664
-0.09995157918583986
-0.12614848111852905
0.21499604206617884
0.03238115437334499
-0.28270770396017064
0.6116251971510385
-0.039383715833991806
-0.4620093608681387
0.5036977351462624
0.0069948047713698225
-0.9452199896683247
0.016011657113263245
0.3418909808188001
-0.3251868412272768
-0.27689562003291435
-0.1825468462438059
-0.5261907259237419
-0.6026225305520465
0.04276706407112629
0.220297294992562
0.45838684027244625
0.23493210029052214
-0.100246041713834
-0.03902656181263553
0.262255661117053
0.3208080354130022
-0.5457326132638213
-0.3373655883604135
0.6126270533692023
0.43423132143416476
0.43379819194673275
0.9111518174355615
-0.00257534351019173
-0.1610434263320243
0.3175546427743239
0.5021316603776567
0.6600475630667313
-0.2510864472321064
-0.9258208082375945
-0.6378897742381915
0.3102090972517093
0.5056851980844367
-0.4426286730097011
-0.5820894025062828
-0.288023785242829
-0.3448862080272016
-0.09118013695015159
-0.030636680963525564
-0.3695971620349273
-0.1847684547488878
-0.32782268594354125
-0.8054601241827541
-0.1271332968916522
0.09299998181096258
0.049656470524467866
0.061139886077806405
0.08438555761742905
-0.011756451709930449
0.22108168682649587
0.9766362263272775
0.7860407383007106
-0.08422252266147945
-0.4712213548550349
-0.2356652589921956
-0.4088788669071818
-0.6469392121217332
0.013867816948116451
0.4339975365984853
0.004952522861661479
0.008827512880414945
-0.16426410144619275
0.049141898664614714
-0.20269475491985778
-0.11673874812993534
0.099758103770069
-0.15119649396837065
0.5837784522204216
0.20574602128986996
-0.379623447304829
-0.4023618503522831
-0.4143352488851021
-0.43786191712910916
-0.6521889831464339
-0.6216992187239725
-0.04751912944498926
0.11771348617532318
-0.18605976815549186
0.07742259728380851
0.4655285255294104
0.21730843752564466
0.2784439039965345
0.659152056674841
0.7242512376965725
0.19247580551714583
0.06809487702580419
0.35036564562648553
0.24737192307165856
0.3466690465750507
0.36487118349040304
-0.22648210384193468
-0.6282857215248944
-0.04724088313040031
-0.37658418256708737
-0.6343478038906967
-0.5442402323768103
-0.40212395475221474
-0.2030842581503166
-0.40223769385967123
-0.5187122562985969
-0.4195658592227348
-0.24187862226777224
-0.18023278656488728
0.13097204995972833
-0.0031980253005204906
-0.3889424423322595
-0.005932875986152997
-0.2836394750177249
-0.06817991460063744
0.5391045485165896
0.16744416465550171
0.11498598058405096
0.45045677521227223
0.3300956777539831
0.0814071878314917
0.12081745567406732
-0.018044033283183047
-0.12913789710450174
-0.13298891387887302
0.2657091194904002
0.18286606467610955
-0.48293164910418274
-0.718310834965229
-0.1634628845327708
0.45514255249753743
0.13976725370110132
-0.4514595070277272
-0.2490056819157601
-0.3875398029008914
-0.6922871728018357
-0.022223821135697985
-0.11097272641952427
0.034419097137592725
0.5233443147651377
0.5944534200265903
0.21108640999225925
-0.10724724872337965
-0.13943403967237322
-0.30914254774650674
0.3097175963634127
-0.09843504955769344
-0.4835981112907901
-0.48496567244611677
-0.5199630296704636
0.3015570812409186
0.2777348213538092
-0.5414167218923185
-0.713646526865435
-0.60245578078068
-0.6212309919690525
-0.15245993730005125
-0.10284073913612102
-0.08217330269399792
-0.3175762160084291
-0.062093721413934766
0.06768094303279337
-0.7635941910246365
-0.9304422986741838
-0.053972088688711506
0.21737027499815564
0.1425941972681547
0.43826921297548416
-0.04775424925431482
-0.24229908190371974
-0.2799154173040941
-0.4051891116592833
-0.573541215993222
-0.11298207446498842
0.47936099136844745
0.09411522884939938
0.07690508317676881
-0.11327429983021309
-0.30698938338515525
-0.03134935193995814
0.2793701765950175
0.6894436224105337
-0.0954204958398781
-0.26387971225256146
-0.19721093701063286
0.07115154989623584
0.04697274325579037
-0.5415378405475559
-0.29458957968875554
-0.39973367842058827
-0.3769237703294439
-0.19086940115433693
-0.011173695460135136
0.3105228658250567
-0.09868951477974153
-0.6758057997100555
-0.7296664255705353
-0.1354061169290618
-0.01290394060343647
-0.05052138533561956
0.44943325567415016
0.5643066974686292
0.5570965893761789
0.3084186009220522
0.24419174612562744
0.5731640502563897
0.6103746684917684
-0.18770104043057645
0.008143604289112982
0.6359619516805725
0.21681967593460194
0.15364607507223438
0.5759918342619907
0.8374382961959363
0.23078925005439688
-0.24166828317291533
0.1189736652079767
0.575949410207542
0.6353224799465896
0.0365730994223209
-0.47485862727228556
-0.2004609190897726
-0.13778672777757317
-0.2620912430484942
-0.379029792406842
-0.07610154964779714
0.10389404333540142
-0.44295256117992865
0.018909708272784376
0.03986289274268395
-0.03245466776960526
-0.23905925455936983
-0.14335730949302827
0.714722293605258
0.2846879546215898
-0.3792211522370522
-0.625257945342493
-0.6230511154763382
-0.10269141188336417
-0.27051983960498394
-0.18862915056506113
-0.025347643007068044
-0.6058253457167536
-0.08079375650470977
0.7185207324378139
0.8064659104489738
0.03476178428489152
-0.07844653619281561
-0.1265191929197138
-0.547743041364876
-0.24007514992734336
0.3570231074411323
-0.014396427707477732
-0.8226533510505086
-0.6513365399271204
-0.46250990215358445
-0.44671247129076097
-0.32755340429891455
-0.45977119053111715
-0.23224481130251284
0.2863413662416452
-0.13194314323080636
-0.4826385327853715
-0.4040661221488665
-0.26985384857224326
-0.2552560261835778
-0.12890833079980246
0.3939064985494609
0.0957265779431048
-0.6258549010728128
-0.7431287234450831
-0.21278168978684864
-0.13972393737430666
-0.137075662004709
-0.07152470781265463
0.11874493177927592
0.004982186959329393
-0.20701718787645274
0.15262744896378388
-0.03780252321120503
-0.3052356821869595
-0.08733460018111638
-0.010446600687311292
-0.5451296884610511
-0.18590356158204824
-0.19174294982189044
-0.5182738978562441
0.11616293062195138
0.05446446417239903
0.18574522454813813
0.5785676411069263
0.3960983330424809
-0.1793592242336025
-0.4895926782969743
-0.3320525829723603
-0.2550802610606644
0.25695846025194213
0.05342722467950223
-0.5781979456200965
-0.08589636588731864
0.218804664447237
-0.36115292150238665
-0.4484950533721408
0.35505045640624133
0.6967749119969636
0.394323487993549
0.6444900166674664
0.6406256995390258
0.4880104467506724
0.767591745774329
0.31801361531312256
0.23974357596886509
0.7510010948923891
0.47573361874395326
0.3302420297224634
-0.24499633068263682
-0.9352864810552423
-0.8391028056277708
-0.6890178311488339
-0.4672631226943189
-0.3543296805164595
0.24602280142376987
0.3057157069954175
0.131668678138824
0.01876040564109649
-0.428453941060004
0.12363897719365613
0.11091781336906936
-0.2239360519612844
-0.4710565663588432
-0.26157730057778517
0.07828712707437857
-0.43041424222960445
-0.6235483669895879
-0.11706133465835056
-0.02311549754639919
0.12379065812806411
0.1459340468555569
0.10861005032905147
0.34040467742033054
-0.24327908389016928
0.060233212116826085
0.8401287984100748
0.14469500179867234
-0.18934273112112066
-0.2806649932111702
-0.3646612880463098
0.11565576996154969
0.13443290358142534
-0.32141258929717753
-0.7398246550529295
-0.22333749300878547
0.4932635017684478
-0.006233273129449102
-0.7604203200919537
-0.47817900345044295
-0.4668198362485577
-0.6228395302772614
-0.6366906720677715
-0.07987617972077221
0.14831024584435415
-0.1623429256341583
0.3997288072347489
0.7794949005848589
0.37267422051859356
-0.10735932786486158
-0.1054282893624342
0.1014020639609533
-0.38487493207722034
-0.8936169147340086
-0.3993840276120666
0.08431478998256381
0.44141809964664613
0.8216911179092303
0.3780955521914299
0.21304905444504774
0.653035989590141
-0.09522395581107213
-0.513724590280283
-0.5412588551112801
-0.0855391893272689
0.0425092405335834
-0.6614569076815963
-0.2530030320301737
0.4702069382013271
0.7018731868906946
-0.16284034997345043
-0.9323877065615969
-0.46200452438177064
0.12479460340566706
0.45751020963979405
0.07848885601078848
0.16804139023580522
0.6782059719900688
-0.11191603171961484
-0.7347866933481937
-0.8983335811931986
-0.5289684585839207
-0.29198463871311786
-0.10388328392689095
-0.269206909654671
-0.8833386438138027
-0.7070433738362992
-0.17717285585993148
0.330670744236814
0.6360661375365706
0.6950390629083519
0.0940117603492342
0.05844498996655778
0.16211106196766356
-0.3739395928018424
-0.06236228822002132
0.01850336717566714
-0.401308283295985
-0.007130480840992437
0.688286711853919
0.8066538020698677
0.3063372286318964
0.005698787375907122
0.20108948079962596
-0.14946911336305702
-0.6840591287244548
-0.8672891188498125
-0.7142454905959075
0.20133702549025212
0.8848433137077777
0.5371419760857915
-0.3995628494578788
-0.7596907006268194
0.1330467527413074
0.7023256139601373
-0.11922236314221268
-0.38682812392309973
-0.04481368608446101
0.18473649210835685
0.6760242946145958
0.17880521267717664
-0.3638087103225466
-0.26990269147422596
0.007207890704489017
0.10993097406914998
0.3685162829429328
0.7157802707830798
0.7595710201016572
0.008768842549072509
-0.5391155161325405
-0.16155070096438562
0.119749851793849
-0.05336739910949684
-0.06338550002368026
0.06735801323377388
-0.13627145325200252
0.3000473126271236
0.7117522961938066
0.7167386872087943
0.529300563497777
-0.2697457849611463
-0.6616834608675682
-0.5466591535249102
-0.21635539994304143
0.40315817792286246
-0.04791522648146529
-0.6191007584300477
-0.5824599419162361
-0.4521961498987017
0.06728933191869213
0.21354114713529126
0.35708922107541075
0.38850705551014486
-0.08225512613398078
-0.08204830007887376
0.44609524490947194
0.526300877082069
0.1863418790893694
0.23200766107438464
-0.32833739477190604
-0.6953757443795806
-0.4866301379956872
-0.47513288335521164
-0.1355841901233239
-0.3430178965636359
-0.3979085467006851
0.06802310748610452
-0.22599869490489055
0.23597276758965569
0.3349130985441411
-0.026368164291253327
0.13674751512121353
0.4045430348097788
0.25902609899240425
0.03947625529719856
0.35559173482575035
0.09479908092265033
-0.08645849239250913
-0.029108149392553795
0.11670096330675561
0.5755539299434584
0.8570194697587097
0.7680624482218471
0.23290345424724868
-0.29677178026168727
0.0495695927871026
0.1919933745329926
-0.2985262884267834
0.0319221343995868
-0.03435796070608732
-0.2683733333311724
0.46712455559385757
0.6886514564500495
0.4663568273062255
0.12015599259499732
-0.3292509411133383
-0.6730169400941887
-0.6571375853916709
-0.03642187614306058
0.14961919148487457
-0.020095067262377087
0.06771841148847357
0.3303640745115386
0.30517546157034847
0.25424201101847577
-0.04664932174495229
-0.5293584218930957
-0.07654724665767376
0.4908249300866159
-0.009783777482185951
-0.821687672564202
-0.2625208153002996
0.08876615487443373
-0.3323409777085369
-0.17741221599934376
0.4838369478789589
0.5212834814386917
-0.2967116723238262
-0.4753266606146024
0.21238871889267807
0.6906968999325417
0.2515547735967877
-0.3181970686052107
0.1047852131252901
0.2841276104833582
0.04410404122432077
0.16765813998627466
0.43546539246933225
-0.04360336735202719
0.08821211999841272
0.8882346965300063
0.5490275951993201
-0.03990167535250466
-0.31349369426266505
-0.6290078471812212
-0.06260956319617639
0.28865866890726843
0.29868361068248916
0.5260030564544155
0.5526747620623612
0.06691972178831562
-0.434757090070488
0.3153215285516855
0.48174634528535454
0.5235726107267924
0.15526753033565122
-0.3178026429236076
0.0470728061849891
0.43078280456172924
0.3096879102946626
0.027241577192354094
0.35142504557724674
0.15139563753567975
-0.10972541811172609
-0.3261945276287793
-0.7106739350679406
-0.4893773532635638
-0.3067727310043109
-0.10835902678469567
0.16189602942091474
0.06420927940674959
0.00774552152800112
-0.12842181166259958
-0.5440119591555683
-0.3191546244815634
0.33316368168409627
0.3142584254891936
0.22986200210800145
-0.08189824817176639
0.15175983123727677
0.068718962928768
-0.31622332649041174
0.1735457516910952
-0.2536203813712492
-0.573200316579565
-0.2540403877788475
-0.3233187956556314
-0.7537144922329944
-0.7011697150307281
-0.08839696609714442
0.0432667220466344
-0.40501136286410955
-0.3205599613541781
0.34614680811074106
0.8497250504026911
0.6594217521671949
0.5922040998697795
0.26504951077230554
0.32243173676755543
0.42066331473173957
0.35449762297271825
0.37600856905239965
0.41132043394036943
0.42460226597225337
0.2513986480509651
0.7107332250102395
-0.011879647299130713
-0.19488989389118316
0.3559946108091525
-0.008843497762745622
0.4022218576189527
0.7549194011477217
0.4767864095583354
0.2939819176076278
0.2914010846432613
0.01385548880574683
-0.5202963527371126
-0.07547381793077845
0.5797647534511934
0.5886712239044227
-0.09438452274268139
-0.3060868230596713
0.2707480364355006
0.5944063194173625
0.8089163773742922
0.29664977381071256
-0.3225793083523023
-0.5176503058628498
-0.5495721054651179
-0.5163120243557799
-0.523206678948647
-0.3574496026597066
-0.09978844677870691
-0.2955835520409995
0.1418971758440447
0.47003733154688143
-0.31164238007631584
0.19343254075195038
0.1647982202125602
-0.24686473914258356
-0.17110921510785793
0.1285814034384849
0.1748231136729339
-0.3301452684666726
-0.13389476932040845
0.4013083211610555
0.047577144822987916
-0.48809917570763894
-0.2001680801833282
0.18297349161528575
-0.07986402050968666
-0.40400872200321836
-0.07344175181195445
-0.4469127266507078
-0.5950448087109834
-0.36820607718327925
-0.29530226794434766
-0.1887296933528959
0.18541490836664676
-0.07792070112848737
0.036687073841162876
0.45358359502367984
-0.044352112982560254
-0.36440217336223113
-0.6081398700709538
0.05368884487544234
0.30271335473036654
0.24722508468464321
0.7514549171724072
0.852057386985641
-0.0064221398253527795
-0.049804386380944865
0.15461054744215974
-0.72027144001308
-0.5244484702857906
-0.4487318436542912
-0.35831908793371403
0.10744709581763734
-0.29877843936897663
0.14297808283459845
0.7980398495797684
0.05020412238229999
0.14275544858292777
0.19888220577650573
-0.6056237557044132
-0.8582862160704599
-0.9130564233786492
-0.7647435759938486
-0.6752782006851429
-0.7890767168095937
-0.3304096045975401
-0.38648424357607836
-0.4850006851551367
0.46426730042622355
0.17431469260435317
-0.4688760912664063
0.198862782212182
0.6277401999403541
0.5649026959508274
0.7112247736022533
-0.007825122062401935
-0.4853329594403101
0.08378168074237735
0.5306317076469348
-0.07883573668387045
-0.4737311179833915
-0.2798455331436046
-0.6246542912499325
-0.4314671710107535
0.23402400950957503
0.3232888973727396
-0.031293087031510125
-0.24838979105932657
-0.6375586405018502
-0.13671611595011812
0.3126208757122002
-0.47989914944895073
-0.838361000730645
-0.5766224952275205
-0.12803676360134342
0.2433119999839949
-0.2195963737376998
-0.06220349200658437
0.01585863069635174
-0.08985772413777926
0.2154286222062758
-0.21719283583936655
-0.2885499931316252
0.2553396941251358
0.6276433610459868
0.795849369390184
0.6159142970443625
-0.13974942091057707
-0.679460419977828
-0.5447724446607431
0.19714695102136226
-0.0660171697607157
-0.3478607511385927
0.029683084527633907
-0.40071470647932594
-0.10391204256500708
-0.048760251727210324
-0.3207713758075055
0.04998958613179849
0.5352133621074374
0.92754537385159
0.03583160740711433
-0.9119586904635875
-0.33176616017731786
0.25294107005836064
-0.20251851850598312
-0.5984619641363406
-0.3680085784155006
0.0954461097696857
0.024455509900555783
-0.5730524623176533
-0.6311052104305622
-0.30394422199699245
0.006128513490734622
0.44586266294447185
0.48930370598236317
-0.16703235855213627
-0.524698656052661
-0.28177056695135827
-0.047610701345205286
0.11294786604022344
0.32771291006936465
0.5702456548405168
0.8104914633518652
0.26906132887676715
-0.5953882841220753
-0.7142558431927271
-0.7217800665105704
-0.677822291929691
-0.314807197072384
-0.29773071472757284
-0.19470074692558703
0.11477227744834362
0.20658800776869368
-0.23812626097412426
-0.046734652230185136
-0.12736084349797783
-0.8299081500681433
-0.1160569241377557
-0.24703800310454171
-0.02030363291898929
0.24059755007322414
0.12764485673863568
-0.043774755138956345
-0.8225515128986296
-0.308576412065091
0.5111258778735626
0.15582259564123002
-0.2586278440017574
-0.3286926670214597
-0.4702641186828266
-0.6754526355128364
-0.7578605162278195
-0.6033899275379727
-0.036708666261152656
0.6187204882322185
0.6003504926393994
0.7794751334996772
0.3085058882659828
-0.049100017978103816
0.2429894643231889
-0.22513547658294297
-0.5754061656149368
-0.14294159457286348
-0.19936394003486468
-0.6946671866027311
0.09247034178128166
0.523292625448392
0.48633950149391936
-0.04863647485272593
-0.23250714763303737
0.6835428355295646
0.006036188227533934
-0.3941192371392861
-0.05738029149648238
-0.44326006508207294
-0.07347683043845032
0.6465257266535224
0.5100359944571264
-0.3117233226819154
-0.3310216620550491
0.5817233807399323
0.25963242902520967
0.10151596122204598
0.41861251570766933
-0.17299790060152687
-0.37312413300545455
0.3534732111088914
0.05552927650692696
-0.6546938687657271
-0.7666303840956359
-0.3003307743635626
-0.024940289347688105
-0.6322804288981353
-0.18725345816095085
-0.2041202181723587
-0.1610034696969428
0.06721092298199272
-0.33973481185952814
0.05594223792503672
-0.1661764160057535
-0.776953527423452
-0.21747562226821882
0.4973500047068582
0.30165080015099055
0.20834178833866213
-0.11178929759986389
0.013694106149844898
0.35474729056036713
0.008151713044183384
0.3148095580513933
0.04055453087203553
-0.2486368662390709
-0.02499743066939275
0.26326392768064155
0.7389887987866001
-0.005073247942239845
-0.5638315101097032
-0.04525895143524228
0.21622701983689419
0.21001760475067466
0.4659224428691703
0.0941142225998669
-0.46094238186264247
-0.5336852050220113
-0.018401020091297515
-0.07265697542651062
-0.20907651251976445
-0.032589123159311395
0.07462493131006309
0.7818128315284901
0.27965257559094236
-0.3788336295169922
-0.45438069952745586
0.11401847003344279
0.10727981931790576
-0.004586868855610549
0.7707546544002951
0.27366796562767204
-0.5190086859840685
-0.688008653355021
0.09774527986231885
0.9185721735326742
0.6916402798731761
0.2615514701845829
-0.34292334515209977
-0.39180345994653576
0.4034340327619955
0.026239530980904258
-0.557103689020763
-0.18259562976418475
-0.41741095826209407
-0.7679049270666259
-0.3491106455881673
-0.3017220476368814
-0.0008052654940987614
0.40681572540299094
0.14323301105183794
0.5158412933470884
0.8568910153326267
0.8620805464574491
0.6841024504287646
-0.1647412466678052
-0.6297516369368794
-0.6249157164171121
-0.8514660083021709
-0.8416220443648241
-0.14760984768715935
0.18938945671613472
-0.18361310423625232
-0.4974041457853652
-0.23697610770308275
0.3039783317815682
-0.07220204099811167
-0.09893390049641348
-0.3231816903193262
-0.03001473877989258
0.6011177661622376
-0.29068247651850143
-0.4392066852676255
0.020163091485365436
0.09917788649091486
-0.37203279685609825
0.035079374334156754
0.9635319581830968
0.7766359923600675
0.21607571893767097
-0.241613078425174
-0.6081793834798139
0.033153005288560355
0.340544561426955
-0.45688799483111775
-0.15753572107864133
-0.1019738301470573
-0.0003561592971508265
0.5679252762002738
-0.17258025497691465
-0.8642010391234214
-0.2488591066466186
-0.24763686429756093
-0.6908303206509316
-0.18196057193630333
0.5849787542648623
0.028621083445257822
-0.18044776830012033
-0.2357368799914672
-0.6585055097787121
0.11425582620611796
0.257645398050796
0.17231000018948317
-0.14385251538448685
-0.7355530650338412
-0.2783572759238345
0.26160352006118404
-0.23974791878163604
-0.27832100343659905
-0.13912645935674106
0.17196792284911022
0.5071496354117765
-0.07833030417655962
-0.14170961371870006
-0.35543907466481894
-0.519011595061802
-0.32567165790672215
-0.23105772656617762
-0.3224106179382966
-0.2269632860052948
0.36438455287872296
0.2748074443519344
0.00029086414168144614
0.18913282266855025
0.20380587099835257
-0.37782139513079027
-0.5453010440304271
-0.5733097110436148
-0.021237151894239692
-0.031021024727919455
-0.5167596005900732
0.379733707284995
0.28480839415817216
-0.29120469941984295
-0.5819464050182341
-0.6271683218544558
-0.5744571817318299
-0.4159765597383688
-0.09825060316515222
0.12869331456464428
0.2761886759617289
0.18107052309634075
0.36848069396645977
0.40776688511344805
-0.3585513053569144
-0.1408876523994692
0.08607946167254243
-0.03214719924337772
0.7188228794111545
0.40068262715813463
-0.14136563241664246
0.4265087916808401
0.1038398516207969
-0.38475778829025553
0.16399554083172563
0.39327033222672547
-0.08593106220988223
0.0580509516242651
0.5141128735805183
0.1731758213247403
-0.2601903250283898
-0.4532814955293095
-0.41503758184547956
-0.39399089237713913
-0.25717070489026406
-0.09122049595287662
0.49357106825443153
0.03623488736048597
-0.6301438618947167
-0.5460254874788166
-0.249744651676726
0.21732824039328769
0.5982759178163034
0.16703273343535785
0.035821143749273365
-0.07408973405338992
-0.4750719800438937
0.26530194413267416
-0.18835559188638862
-0.5826535377123381
0.30825174575647096
0.4458991759168378
-0.04884586669716506
-0.5201237677453748
0.05124672650273565
0.24495345769675925
0.10722523454444444
-0.04330191560268237
0.09995782468078862
0.9378051858677241
0.9298101168669902
0.4018679086839514
-0.3851523602514261
-0.4567334061979266
-0.5568864259252464
-0.5840903301030188
-0.4732092930188391
-0.6275912458004688
-0.4683214196058467
-0.34013605133070046
-0.15892749076150203
-0.06552686943892139
0.07790624653969391
0.6709685146471802
0.3875250136282039
-0.40213428587439104
-0.2598940823139201
0.013416054316599535
0.2673840080513167
-0.11539161453074787
-0.13373210103143807
0.7208122896350955
0.16394280657242255
-0.1148220668337695
-0.2832487132403949
-0.27334211702356326
-0.15755042588945267
-0.6202694487305788
-0.09513831048126897
0.4767253250605272
-0.11316598845524706
-0.8871947679120795
-0.4566928384591975
-0.13771781995946808
0.1594384239597295
0.6135946311964378
-0.007771606276115506
-0.0306207313490382
-0.1374514404352587
-0.8271481702579522
-0.6871815961290723
-0.1783396011715087
-0.3069497646649708
-0.4637221156879219
0.23808860358859663
0.019805131982793878
-0.46724054334816456
-0.6312116873563202
-0.03833965780499893
0.13023447438079783
0.1667071351319641
0.03057213929775171
-0.8682724248821047
-0.42214357360549115
0.5196126822165181
0.5048140562771465
0.17410702682394974
-0.14732518884833845
0.003923520570164762
0.5001091707229055
0.3324137107767001
0.2654032835307999
0.1800432648629624
-0.3961366413686649
-0.7083755448881573
-0.7035581407300074
0.03509944051864089
0.7488968627188837
0.051854241349132635
-0.2917727275968046
-0.16099998451142916
-0.37317006325277413
-0.6357377314541748
-0.31443560490806644
-0.18780282989520147
-0.468740882009114
0.11491315843729577
0.29420450275678
0.028640695964529672
-0.3598415491989233
-0.8479275022306545
-0.5670639892791274
-0.4091499102028491
0.11305660893964375
0.37457990129290397
0.26765297629779594
-0.1895803578365669
-0.5550861841308897
-0.21404941473283345
0.3305333240189918
0.14975473384242743
-0.12715755693595
-0.24607678461189308
-0.3368260344833478
-0.3946424031966589
-0.053405601909884304
0.7077819074382108
0.7972048789839479
0.1100529882004403
-0.6130230041320613
-0.009460608691791772
-0.20698692365743898
-0.4072936525718226
-0.05802507102170218
-0.1889783099494683
0.07137447313158363
0.4851903258865147
-0.15868704214254115
-0.3458538590776473
0.178376877297298
0.5245360292145674
0.09849415541378803
-0.13385274265524272
0.03375876042914305
0.09996057846158324
0.07971197423441212
-0.3529910635012239
0.09997066192574822
0.3420416803303159
0.36664905894718813
0.10171491428481838
0.08738496013894248
0.22804800360923283
0.16486069681956284
-0.01849940349879453
-0.3511102740330754
-0.1696607264846095
-0.25675157436060925
-0.6201400175706202
-0.6276434629994169
-0.6569925361430851
-0.7396572946543197
-0.07698520103497042
-0.026961170837459414
-0.2890982638422931
-0.28131360565831487
-0.655155032016808
0.025325495044285384
0.3421803596232543
0.1206576281675058
0.5794579403550407
0.14111398177497336
-0.13309644588774416
-0.10614589763169746
-0.12538392596886405
