0.4834059041052534
-0.38396228354959794
-0.07817366739967269
0.9459345580624763
0.7280828984356162
0.37022793536920684
0.28218899911043116
0.37574391083428593
-0.4694765126945055
0.13841146140233773
0.7231629443285981
0.13133681406463005
-0.4565202722465218
-0.2242071640921277
0.6172499985077515
0.9822603428072176
0.49351303274778235
-0.9969173298152274
-0.38228905621141096
-0.414147552971329
-0.9855130148799778
-0.9925926757365418
-0.09743991091266091
-0.373418473936437
-0.09070100956220895
-0.6481672933785896
-0.6483477442871788
0.7959726476177442
0.8802275667672246
-0.947169709138161
0.015689012679656056
0.6212610667883864
0.8993113725448658
-0.6668725432134799
0.8517097392741455
-0.0682339602999209
0.6649461865402269
0.3632723989157296
0.7104282460467386
0.1796344064555151
0.9257876950287174
-0.29166308790672835
0.8784742900226912
-0.24817565477947312
0.13970627252891377
-0.14624606047869748
0.6264098685499428
-0.028448441654466805
0.8036508889116993
0.9020846409038257
0.09344002022084985
-0.5260574137138727
0.10517190865913806
-0.4357374900379376
-0.03839499214820208
-0.2329267184891992
-0.12903433657598984
0.007492642335843014
0.21520277881624783
0.010668617475617426
-0.6427864693338228
0.3954667346299454
0.5376042059364599
0.8295647841989335
0.4448148190371035
0.5368996480650416
0.13058452704262935
-0.12533397116329636
-0.27946603667826353
0.41646866575065355
0.495533787173861
-0.598271220399788
0.6903649742616276
-0.889169734847612
-0.6625070097998904
0.654102947602045
-0.9000130358916245
0.6675979285692215
-0.8282705954011085
0.20936742115932816
0.22407396874635088
0.4049665343436075
0.5883228435659256
-0.3840062065969525
-0.0989777130132945
0.46177761380054183
-0.4901291885604986
-0.8124640632975391
-0.41648474098216126
0.4255285445191117
-0.5253068685573214
-0.2593157325420392
-0.7930634826589162
-0.09480483101951398
0.2998454702315059
0.0954469252512884
0.052773188231514334
-0.8003566239495212
0.3560143788024881
0.7021512647605126
0.3027205470526557
-0.9300260964331644
-0.798978910962306
-0.35863604019517115
-0.940081416028755
-0.5498345924620234
0.35204366114821806
-0.411491042084249
-0.6196805401340955
0.44186430972571467
0.6745237944190907
0.12313317389267242
0.5757985245628903
0.57509120435951
-0.014134212181225791
-0.2084956127685802
0.7476961485413602
-0.7207702280245714
-0.7195413019108701
0.8511353682253757
0.4564610630383814
-0.041036353024185956
0.7125650734498519
0.38103681247770504
-0.5559837392123874
-0.6796630456175474
0.0681231728361873
-0.942328906391251
0.6871423794200291
-0.8115419099743468
0.21125239389801642
-0.38939089482044476
0.5973344572778851
-0.18481201278944148
0.30528089739903486
0.38195613604115874
-0.551052383268293
-0.4829856151096321
0.12054752393251911
0.9632465439324955
0.011209150066755269
0.3344399928858035
0.45747143350722896
0.3211658982498966
-0.3164581197503149
0.2649686985647344
-0.8131823089758359
-0.14084603875275858
0.0529848259052097
0.06728844071939588
0.2891684562825827
0.30411387240670007
0.07283187389182011
-0.00582243327923071
-0.6818152970040199
-0.09154105695583703
-0.7471705055008373
0.9321642963051193
-0.24235909929695643
0.6806049816069024
-0.2770074296252747
-0.39233191300171866
0.29619074095510967
0.0018374671907517293
0.9462185233886471
0.36832411736128456
0.10698570716657008
0.3013202771735275
-0.9532368072548523
-0.37661828866145597
0.17116054089973076
0.9566612090649029
-0.9781796119848922
-0.9381981435451991
0.9808585873943387
-0.8057442253504985
0.617896332180943
-0.6364000484509342
0.8641755526707249
0.09237915639786021
-0.602644554426822
-0.6838216798096861
-0.7916164509765171
-0.0329876167853016
0.16596302023844367
0.4218798674503903
0.3207779428815325
0.5045716840563679
-0.6947655355105908
-0.37188290947369396
-0.8338868246884539
-0.04484357561220964
0.6451802134046078
-0.8714308187873514
0.7112203821790073
-0.4945233340012094
0.5338622792484562
-0.995595305636747
0.3588652772775103
-0.2054904892150402
0.01847442333553273
0.21835159598631892
-0.5998091638274039
-0.05247994713748194
0.24560891361011206
-0.598017743610836
0.9091537531639697
-0.19062394598442323
-0.25927968201919294
-0.03898551631427449
0.3175609433609212
-0.8543619999901186
0.9692694416191023
-0.3329327671687201
0.641862276262336
0.26119082698675866
0.5445007075632167
-0.13161675003231443
0.4653743698736845
0.860088220473999
0.23504013917454736
-0.30227416884167524
0.8262789096735565
-0.9779750782425867
-0.5362030190908407
0.2892531419527167
0.8468254267751116
-0.8233074665388425
-0.1570620056230947
-0.4823047929671891
-0.2628612489387441
-0.6104642390211603
-0.8311991734930366
0.5287075224071653
0.010194925818211464
0.45453430312940934
0.28076373411649347
0.6828583474172607
-0.46290042349658456
0.7258681763457537
-0.23785749010202228
0.6341201219763781
-0.060266411661149766
0.7187301630751151
-0.8461644419063243
-0.5961842704578708
0.028261038689258555
-0.4285411977693536
-0.16079381907791657
-0.556125437079767
0.07556948961490084
-0.7604113752590431
-0.1765578885268715
0.3091588595805115
0.8437920876810081
-0.8344076048025035
0.08753527899315228
0.19389569634879456
-0.08808131600453417
0.6477234001913887
0.13154122671687452
0.2820691406894036
-0.18767507359284652
0.6067414585745556
0.08846785116736822
0.5802467285759008
-0.5934329284104973
0.834845751161228
-0.3695257325927288
-0.49362571852238446
0.3801852516570037
-0.6728919271355813
0.3812696744016695
-0.16222169573085443
0.009016487531931183
-0.8222397072674426
0.01487709781005453
0.8883854816388741
-0.5200889815858634
-0.9611389108039128
-0.8300339036962179
0.5250753197110345
0.8347505366490744
0.5322510246391023
-0.6331309307260775
0.14852238900028158
-0.148681279423998
-0.6356228883490791
-0.662346309965288
0.7822889770035317
0.5083968117866269
0.7362776212126678
-0.5211540717895378
0.3447429551980725
0.12396063813162539
-0.427705912460004
0.1712238916147708
-0.4445888013632069
0.5915146318256865
-0.31642535559350526
0.07290153593373949
-0.28390770498642115
-0.6741720524052801
-0.2503431713487918
0.08910888939363426
-0.9516407092207837
-0.25509058806661766
-0.39901283600490256
-0.5339743662921523
-0.8473705481456846
-0.5122164319643925
-0.6688745230678192
-0.9196296954985557
0.6642368722426482
-0.8329037879448198
-0.6754982745294873
-0.7976549434700637
-0.6999283221702706
0.766374855664715
0.5448618101921743
0.49844190279381917
-0.0742721234887238
-0.8020042781090586
0.554385533985583
0.2671581858946057
-0.8584130611894598
0.14988766380280394
-0.5407042770086938
0.16805017563627045
-0.19300408980077388
0.7670966895401261
-0.0657765956049059
0.24480605256405208
-0.5622829704783323
0.3219877819656325
0.46035655065298653
0.041892602808897506
0.32965785278513016
0.31296995023819973
0.8169247873846963
0.3681627001458234
0.889733222586438
0.3504342290845397
0.6852982779909684
0.826358040966424
-0.8935176386153378
0.9801645626118662
-0.10366691954000773
-0.21162272912779945
-0.5231775356441126
-0.6304329852365853
0.5494501039949597
-0.050329478031134744
0.25504576601722984
0.6241624729439739
0.013358970687854521
-0.5501970479968568
0.6355880142955674
0.008155313216269056
-0.7102490861553683
-0.005492672174171709
-0.0038937433278962708
-0.366090321944621
-0.3741805153418589
-0.968674100425376
-0.4031088495267341
0.5181339272343406
-0.13295379003864616
-0.906293721136989
-0.912041436600896
-0.23897845787503402
0.8253900975790225
0.8324940137516241
-0.19769392764783156
0.3371508235147478
-0.61763386746068
-0.2627919040620579
0.35509692722768826
-0.820860838704109
0.6910997405607526
-0.36959188630362094
-0.5293467088968662
-0.6269467300216305
-0.9327478888943634
0.7766107042094359
0.381950794473612
0.8305165955924159
-0.6670358636864324
0.27042639681935343
0.4074768807318543
-0.019327154987063278
0.8371580567357186
-0.5325394640290118
-0.218087532314986
0.01456936928221575
-0.5312128559690608
0.04034934745721208
-0.6206030581024082
-0.4876959694759462
-0.2900574324285954
-0.7050059724130571
0.024666657483990884
-0.6175562010508333
0.5610907042661972
-0.3140916879493896
-0.8413522141891043
0.8771325442749398
0.4879434852308606
-0.6318070278718562
0.4811758866289173
-0.43069928070351793
0.5022179090100369
-0.7932968600486223
-0.7447840971394901
-0.7498061255944724
-0.9905099612137536
0.5220110145537953
-0.041088787778943425
-0.9433991218205524
-0.5928835415399789
-0.5179347945112338
-0.7862272061613951
-0.043281266610375235
0.06257437601887217
-0.6849549695805042
-0.3067930842296793
-0.8811825531638351
0.034580896758625856
-0.6813874742501458
-0.18559460358013147
0.662113792652895
-0.6185636703178721
-0.9756519717174337
0.49450638230653765
-0.1755885048663599
-0.1102628693271972
-0.7495877678152145
-0.0004580531465367965
-0.08207184200588769
0.10300925316575116
-0.129378426276618
-0.3439774946689158
-0.9637260942470165
-0.6762589148613936
-0.3168054951994137
0.4960448346872599
0.5010739030287807
0.7168775067814726
0.9920126633365789
0.5554705170148693
0.13941452542706445
-0.4373833643376901
-0.17296153441927675
0.03990661878428692
-0.2698287307484495
0.022154083327605267
-0.8207448140528391
-0.557265780101331
-0.5953972438288262
-0.9115966223303755
-0.17217456071453974
0.9016503962667017
0.26660689422385153
0.7751342881113896
-0.4473822475281124
-0.6522622345078626
-0.2658692309504238
-0.04015591280534525
0.6899339960545279
-0.6458121712602891
0.021793175572732082
0.3330656982451803
-0.9420089782253118
0.782093038774188
-0.0671651471058703
0.7052770977065292
0.9020817179878098
-0.48921709077090303
-0.17884294829742275
-0.9460385715428041
0.5258112721422685
0.15276302620593807
0.33645728867061964
-0.13839614705116987
0.23130430338352403
0.8393545880915401
0.42438331095826776
0.2589892847513937
-0.334666701406237
0.4892661045474749
-0.20208986520913963
-0.9740422191916471
-0.5847279116421387
-0.8353440597778627
-0.9959483141539636
-0.9182475732439519
-0.741929385691003
0.49611833807299943
-0.8653744824955256
0.7920343177756339
0.9761320187661602
-0.15979427592938888
0.46563430400731565
0.10106803641854589
-0.702674505870948
0.7500758720861678
-0.9213928555872493
0.21262652006965865
0.010155290005858797
0.1598246163386725
0.31918877252254463
-0.22144522797871113
-0.34454863217017295
0.7181436716602752
0.2826593596875211
-0.2740088624383157
0.3957458371820519
0.8331481415314119
0.04006900043649697
-0.7255285033926202
-0.9967185012474706
-0.15001488963817078
-0.33007275000454306
0.41731149619055596
-0.11536246521531468
0.37786376429557755
0.6112468951004812
0.7704940781097684
-0.35570060366237555
0.7188238865471124
0.36500346987563614
0.9779531830328372
0.7344047547921868
-0.07502136598664921
0.27761585497770525
-0.574186518463343
-0.4982589362013117
0.6764906362506358
0.8733837191072098
0.27193228013897763
-0.2912300447344265
-0.7508050150958026
0.5774133967630735
-0.5996127151325887
0.6868805693535249
0.8758265868330748
0.9730271034918625
0.3431725107947594
-0.7253010418791057
-0.9225755272167342
-0.5567184883735297
0.7465528836759556
0.5353264520711607
0.2563964747073404
-0.6449780856745781
0.3178837589019141
0.4599626570368196
-0.44576982994322467
0.061283822171338764
0.19419187975496865
0.09514954271379672
0.0216379212141935
-0.5933003231998706
0.7002055923720698
-0.8933557363884721
-0.8661752373546343
-0.8630403824255202
-0.9690756313641258
0.19807242883846365
0.26264613378079904
-0.8945951995580101
-0.7458384214966183
0.150173465922383
-0.527221056867309
0.6989117890830059
0.34313638524884116
-0.18119287088930913
-0.08443873194798579
0.8894737837667421
0.34148858450903097
-0.46284436747329694
0.7881718544323615
-0.5382717695872019
0.43339036930960106
0.6606197644279495
-0.8371463847861083
-0.32942177032673214
-0.5420925471672216
0.09334758171900637
0.9542474105102339
-0.21836115976710024
-0.6468455174288961
-0.14187216935482483
-0.7354557984298937
-0.32268274072156133
0.4700737520214169
-0.5812054781998739
0.5379725876656047
0.12808195786981313
-0.2559062353025374
0.8088558234952246
-0.964960149937429
0.8120477801193959
-0.9311947515755361
0.17356509406973153
0.6347219283360683
-0.6611025171343978
0.8333604602412596
-0.13273476418874686
-0.8173169053314375
-0.009879941039182993
-0.21832243564218135
0.9140463734142084
0.7531798563807868
-0.36064728247933386
-0.10741609575955358
0.4336529201797308
0.5690726385124645
0.9663062699275933
-0.5519415369736962
-0.2232724883228494
-0.24086545310610386
-0.9413565222140607
-0.6171924331695653
-0.3970333368836414
0.6279528228574149
0.9515166631045391
-0.6691528930038115
0.8071568283412685
0.4239715059210041
0.3581800772315642
0.6303235081123868
-0.9025930666455806
-0.0924548248475181
0.7010681111102648
0.31560429569791504
0.2762057181914821
0.8011062336470116
-0.7516883067179627
0.6884848916990542
0.6940704731953424
0.7095642067161216
0.8954775916049802
-0.6629457114900017
-0.9578503488587149
0.6250471400387818
0.2405290033886558
-0.752847227710405
-0.7703819371775062
-0.4484514073568626
0.16906424530540032
0.24356402417046952
-0.36408761120234234
-0.13591319902609578
0.5491025331493624
-0.27480644526346487
0.18316492891203473
0.03282231699428695
0.9511362277434185
-0.48052569873673256
-0.9210760303718002
0.4081937685802499
0.7559920835063272
-0.9079324839023337
-0.35738860740307943
0.6748849570998376
0.2648622647827408
0.5749220341404315
0.6253852156867112
-0.19894277319753484
0.8478963170608083
0.39489202324155337
-0.6352956578461739
-0.8021401605580443
-0.3056699303907713
-0.79028341689849
-0.6501253757296981
0.5424701474222211
-0.18001258442513168
-0.6815919575087357
-0.19727659639575812
0.8319643561775774
0.41465896321056483
0.9967621541416185
0.13118835754661817
0.5450586679153331
0.2578117449213222
0.9906138262559501
-0.6456539070610898
-0.7429310718086557
-0.7513768782774222
0.13741552461006945
-0.10632057532353167
0.4972122791590188
0.9264293517422695
-0.24446835293042501
0.21475260762940107
0.1512723680825403
0.0014975837769508615
0.27860442810843433
-0.11655281124978112
0.8319097708010821
0.6842340170429047
0.447393940948577
-0.4266838716407908
-0.8079231112205214
-0.7756012804524808
0.5017997266904712
-0.8225349466382725
-0.9242423645093438
-0.7976907310666574
-0.6496358812548628
-0.5432971824197212
0.8271269489114268
0.2844210613691547
0.6360899292451319
0.9979257216087678
-0.009753049064750385
-0.15797007960447207
-0.3935625471888551
0.6725458931632731
0.5636098814123245
-0.7777689765552951
0.6037647619827031
0.1256155511299124
-0.38158597791797044
0.6053760903369949
0.09936165196693936
0.018635747333012986
-0.5792925592838305
0.8334070237683473
-0.6822503341101063
0.4630932232634206
0.25875387358291935
0.6219835012604809
0.6661505877387517
-0.3526248965131691
0.7426554379335488
-0.9946240756169833
-0.970293281844937
-0.14459555529229706
-0.3052274041324001
-0.7503493591538031
-0.3382355702028743
-0.3435621104408395
0.9298920518685534
-0.7249871783144102
-0.957156372254826
0.4511372099791555
-0.09549890500167213
-0.621768029765358
0.5258985288085607
-0.7613009368522752
0.48229366248828365
-0.68708069065782
-0.8953946335634715
0.6426162269955469
-0.2905708024003393
0.19886778696654694
0.7196552389369715
0.34346432683745487
0.8976283992306573
-0.7615827547174776
0.800656744125857
0.4624209117456253
0.09037169479322738
-0.3188281018178838
-0.8599885652974941
0.734068829338073
-0.8065429295321345
-0.8638894079039021
0.7541799511162219
0.38180347014694416
0.1837229935219491
-0.2263902628328145
0.28727931603781864
-0.4890636570458582
0.18609957801778143
-0.5277290327890256
0.3596418463008342
0.7748896813053443
-0.05850128944429556
0.29723773190897274
0.9524643578170102
0.42463402697689845
0.10111572128443069
0.6892480424955301
0.21446106554593425
0.7987322770648277
0.888966782965948
-0.6555625385873238
-0.051388335360030846
0.7476463449201904
-0.2088443835893925
-0.10901121212985032
0.011152458873044946
-0.776097841223836
0.4815715062309718
0.5414323978389513
-0.7168015639452485
-0.08970557500435095
-0.9188522082352308
0.9000166817985749
-0.14977720423066088
-0.725260750535387
0.09509330042727138
-0.44340240293074884
-0.5345198091166683
-0.02202053634907286
-0.6126659054417174
-0.29573734697061993
0.934280481601425
-0.6821372669530081
0.6440622145724753
0.2023362519522678
0.19114907122651403
-0.21529808382300253
-0.8573031328820944
0.8151269889966799
-0.5528476792191501
0.9799570327368496
0.5924069988714016
-0.8600226537815698
-0.7406079876244618
-0.271099969703702
0.6057551335423517
-0.5713825147454763
-0.7852814662755836
-0.0671420896127044
-0.7581326529029149
-0.38304516773856445
-0.16306536124849869
0.3601812551558936
0.9859812380866646
-0.6421593735917279
-0.6742472345816453
0.19031126810250365
0.4765113511732737
-0.7092601993481809
-0.08887196478316506
-0.16861363639559857
0.8822316439921623
0.9903879189266009
0.6880833035564464
-0.8134486470320963
0.3357574352103321
0.9900356901909593
-0.12333842442215293
-0.31841129311452065
0.5299035281157816
-0.14033636218293433
-0.5239001145599087
-0.15630879583825852
-0.400021534571267
0.10945970168331765
0.7210222987897592
-0.6396813299048576
0.38720071050635263
-0.642326229355453
-0.9648566174356059
0.31300849740548164
-0.2981308530546647
-0.13243642849606974
-0.39886490256008345
0.8514723291236943
-0.7843043307609159
-0.03305426269253653
0.06498493925222593
0.15780547628266595
-0.5435200142700927
-0.6274438734966992
-0.6982579625023
0.853950260953479
0.28409313607659614
-0.08523952264509971
-0.37988488637513607
-0.8759907969381475
0.9206844984975315
0.6287615016369505
0.4279062883078695
-0.8869160814708097
-0.10259518690551372
0.3770813962760957
0.8724333474486405
-0.206937938617757
0.0997326850211595
-0.042484882533506685
0.45697509548970694
-0.6538105103426324
0.5142606257705693
-0.242017705785061
-0.23607296363454755
0.3089752739139271
0.7318103597194321
-0.06213985995157456
-0.5507306444333215
0.41187955480029603
0.9138439729675616
-0.07095057461079435
0.9022143113106738
-0.5124966017648911
0.1325921077490153
-0.15639688569511678
-0.9236378213340497
-0.7883032787776825
-0.835333123267755
-0.6863024792475545
0.9269099175300473
0.1467344825106165
0.12805988231522925
0.7915348136845015
-0.08233159128206724
-0.1392496255773472
-0.8617850658246449
0.6453215132445458
0.058247773730069285
-0.43426423024337457
0.9665744956182696
-0.924575747953384
-0.6128337523863088
-0.17461470817702662
0.8815781173665846
0.7965924223325536
0.5540745543088093
0.9159806069816221
-0.7502565658897193
-0.15139432154104937
-0.21008513680646068
-0.17030773883485684
-0.016142059418332133
-0.4854487525776947
-0.592328960757214
-0.4047809344840949
-0.7986942020397994
-0.34741866235234764
-0.9235062412561612
0.3326159235520292
-0.39834385227463964
0.5782711172303046
0.8394779000204582
0.4689316079430139
-0.021263752806540248
-0.7666522416794799
0.22858936373181038
-0.08493080327365288
0.32259038174120436
0.43483931325900116
0.9638361057817038
0.7723366571256722
0.40174456468923747
-0.12514975614024282
0.38365479759776266
0.10156192915879414
0.38541372855900624
0.6550550503726282
0.8090397204127371
-0.10412090141183517
-0.7293228050873484
0.8697128907082425
0.050434090833633816
0.10537899708956222
0.5025231639577821
-0.9188645281559704
-0.2872004862493034
-0.5063235341149508
-0.16626175131212406
-0.4566537449147341
0.6414366237366687
0.6551172020909737
0.2946512381475952
0.7589736943225784
-0.6491231327828921
-0.5908288815867995
0.20476068647920886
0.5153833919265212
0.23757589463586748
0.05546027914430174
0.09558685725871752
-0.3372425667835395
-0.13499454714606318
0.20976827907656115
-0.11915714483465534
0.8328757714118433
0.4388543140991241
0.4674038515693195
0.5322899204448388
0.7157469979085287
-0.6486414970064114
-0.11715751892142556
0.6501094713630458
-0.18189730893818057
-0.5815485662848239
0.8316817659577684
-0.4004294411214864
0.1967168492259015
0.7250180729272675
-0.08864240105592436
-0.3123191223159074
-0.6627250969754657
0.7278782897862863
-0.5328545573932
0.4761235690412937
-0.00011424699914441838
-0.6330780075894351
0.07290173102989406
-0.8613689580508253
0.6774764151817894
-0.6965076905614376
-0.06303669870130513
-0.7211278616137244
-0.009848312308612384
-0.8809492537781274
0.8999959441571461
-0.929654413554414
-0.8702273165504406
-0.4986321183769731
0.7119154098654068
-0.26402836418241704
0.0453716776778772
-0.9438993783885319
0.7357631511678051
0.8464539727419989
-0.9775235525757624
0.15377521777999492
-0.8053186828633314
-0.10072641107574043
0.04375522710620272
-0.32803614575350903
-0.9495715932135982
-0.6893189491147882
-0.18410742318949436
0.17475530479314694
0.7745069153970003
0.09676656807499162
0.7242148008130196
-0.032037025343980785
0.2806436647776258
-0.569943980674507
-0.7593361596958255
-0.3510139834181334
-0.2990125609425869
-0.49424152271448185
-0.8053542974299359
0.653402758607414
-0.72642316796078
-0.7607333463683208
-0.46928065123365825
-0.06514462152586664
0.4634093293998558
-0.24567872712462058
-0.4633253236055175
-0.35930525584837203
-0.34721123281721034
-0.7868147426803367
0.20509154046675793
-0.8248443585291336
-0.624461310059615
0.922410240766157
0.7933320220543332
-0.14254098578936403
-0.6392378227622062
0.13986082372131348
-0.9930180729570648
0.1639901813952631
-0.1438427036357257
0.3262159380891867
0.29318768627540504
-0.6684952855159454
-0.869144564133256
0.3095557100842443
0.3847863019748894
0.9895732665335855
-0.8696801170870527
0.44111460887636067
0.3439523063156029
-0.017668202528619004
0.9332124250477831
0.831184825098223
-0.9761525685945591
-0.8484899395861218
-0.46364819542197044
0.1350198096154005
0.702202543554479
-0.9632292622682448
0.364429170432945
-0.03943308150960845
-0.7500466479065582
0.41114709195675925
0.2909423480974769
-0.8557073853445183
-0.3110896476152816
0.4851677499674949
0.5582462677714977
-0.8645181575000596
-0.5647979744364229
-0.4719600981559322
-0.05509039516339431
0.2884609815341648
-0.13085810718709912
0.8763009718820576
-0.48735774984969815
0.1702826602327363
-0.7118171327261642
0.4753595377079445
0.1056477902609052
-0.8749246214104389
-0.8372634082543977
0.29531088554594054
0.6168942269803013
0.292937618835841
0.8772921796218143
-0.8851559372199942
-0.8554404264161448
0.4917626975702116
-0.8746521466140249
0.10616080862075084
0.32257395679453715
-0.5363471143028411
-0.21060331769560747
0.7515441988648899
-0.3751552215854652
0.6480710051138636
-0.14576132221263016
0.02376058867317221
-0.561764479447687
0.8834403445343031
0.5996311934068432
-0.5826597443621089
-0.6730685581981553
0.9820825146700864
-0.6008642923629746
-0.37817218396894026
0.6211540364800938
0.3130298180886455
-0.6233001222539949
-0.38321138571805036
0.8286218192635939
0.33574726807196975
-0.2348424404617946
0.5228503138186587
0.5961941262757067
0.2996689880040424
0.38682030752324903
-0.4887573463003818
-0.1232650819671266
-0.5435469103493784
0.17960389656629938
0.2610448136388157
0.3803625097454064
0.20723623804614477
-0.4472672490790519
0.3175695198132029
-0.008238196672647025
-0.5175016047328624
0.6999097167075901
-0.6081569363150818
0.378335919263284
0.3561329777239781
0.6145669675142289
0.9102409636761439
0.12658973289364583
0.8625840314747948
-0.4095181755965511
-0.7212777190257036
-0.0810718571076059
0.18790863718975848
-0.4941921118201005
-0.5408509693760073
-0.28715126602045093
0.6255329335927571
-0.20676906044129906
-0.9353964143656084
0.5812145259169008
0.6924517397203642
-0.660413864096578
0.9877805781958124
-0.43154762192210416
-0.4525670324628994
0.9229524387165904
-0.1441998432717222
-0.5077866822566515
0.31573579025072274
0.9741923745929784
0.614218470006477
0.8582377113193824
-0.9737610711251694
0.7850349692832415
-0.5663038875488897
-0.0824259856038898
0.44959257277621356
-0.8540550781903633
-0.6396677055109068
-0.5095399360741215
-0.6621652273593079
0.3967690598871183
-0.18522690809821252
0.24981573537312896
0.7264463126983771
-0.11208392273076595
0.44492767201573424
0.19256911145929978
-0.4132032369355625
0.7777344636323984
0.5821681349159684
0.7870583375018607
-0.6237405061810994
0.6005959491357096
0.8307467085683344
0.3605425054118381
0.055896590908246946
-0.22450454222837624
0.542170166278032
0.6018057007295878
0.24539876638761737
0.7278209036248733
-0.44636758349303896
-0.6828829170218611
0.5400764588980647
-0.8804531983389623
0.42057083702836184
-0.016701163625226112
0.35976902935955324
0.9699161087302621
0.09030974065163
0.7905583505668186
-0.5522212292811184
0.1421950140897128
-0.2308129232683862
0.5797636281606451
-0.49157203499953983
-0.973880154629772
-0.4671292509625542
0.6038159227392019
-0.324970201381634
0.027538348182462036
-0.4265692517514137
-0.749851944155721
0.7183117403526438
0.3264275981134528
0.5237323399288647
0.880621394515748
-0.8404049737888584
0.3046601425432889
0.543286931891058
0.2721020044098912
-0.40555103197139775
-0.42771305460680553
-0.33343193147676575
0.7411268695760904
-0.9658422651137506
-0.3963768589366554
0.05675533961483015
-0.5679157320134989
0.4189813477345359
0.28251082929202376
0.6899335217921059
0.730630863760585
-0.9639278671939018
0.0750990107503362
0.4254749356982457
0.1494423949551631
-0.21247841922018074
0.38082124604309775
-0.2460830319616647
-0.9880455805118087
0.22259953966170354
0.23825455662315842
-0.6760061098892154
0.9176769358519126
-0.07233824809426048
-0.6663918121331673
0.04626151320456229
-0.35176528968939214
-0.8336191539740754
0.30121533691913727
-0.843715279792794
-0.7033283034178697
-0.10285361093774203
0.6622746942789981
-0.3038825672342038
-0.9545035482774844
-0.11024765757507193
0.2637017403233066
-0.7201844152816208
0.7036488463667088
0.12882906793845583
-0.587056119383099
-0.836076928658618
-0.8840565750511471
0.6088383767007379
-0.07241509739182583
0.27735459828771036
0.5631004959345358
-0.14340489626827857
-0.16713603967987023
-0.7478048569380513
-0.7713174570647807
-0.49285915066607777
0.29261499847625094
-0.32129103892591426
0.5923879345786469
0.9666188709067862
0.7536650673971679
0.17802363485884753
-0.32990178939090775
-0.5224062480298495
0.00734538109758609
-0.6290254265840891
0.41997018406342246
0.299917763217757
0.3709488264478944
-0.7186281608871641
-0.25449422520806886
-0.8522993857452326
-0.7960546681176308
0.29995110816239823
0.6829576914987507
0.6981281856112127
0.5211943449443233
-0.6037622613156071
0.6343980689265396
-0.2985720482085015
0.1943185593721708
-0.076447135600054
0.5862524362346011
-0.35465592671990853
0.17758934899174794
0.7413064733587791
-0.31925100820978014
-0.5776604382776691
-0.8670497746871755
-0.8901464071191887
-0.5787906600065222
-0.007602971064041508
0.4562761547480303
0.9127412640288644
-0.4439292368316923
-0.978534891776865
0.4704618839804633
0.49722409132669676
-0.37758719478679015
0.5556257738322155
-0.10798111980286018
-0.38916575119818786
-0.1440060404231227
-0.6572366287964908
-0.4304158363027293
0.3792829317679274
-0.5869655833773779
-0.6921838726717806
0.5817696213891668
0.3800690365636976
-0.5345135757460253
0.5509489951266779
0.717171591943202
0.8695116745826605
-0.3672675924899711
0.9296204167624862
-0.7213513212373941
-0.6382598215773938
0.07415317046811665
0.633677450603322
0.21447767225498682
0.14411134124438574
-0.8141656928593688
0.20337378646429327
0.011875452811715093
-0.09657632083841561
-0.08859000901287506
-0.6607340796371275
-0.883367880678749
-0.3231513833081894
0.6806751528654009
0.5060692314180724
0.8849057114004077
0.23326160994281153
-0.9733304798973561
0.17234505465231664
-0.32248403278299076
0.4034727155776576
-0.9972770660218224
-0.14866290074626853
-0.28427635706497756
0.24924281568032547
0.40002750879887117
0.9303586929179062
0.5687240966693039
-0.29990260819749004
0.256420467639207
0.8651724903286204
-0.45496007319751386
-0.48473250154030145
-0.4640248732481185
-0.9223930884660128
0.2392272746949915
0.7565350850243391
0.2692531288429898
0.402877967061011
0.5062161831741623
0.032041772117895384
0.7062700777099371
-0.7818038379839689
0.6997514620131535
0.888879073043072
0.3427194444937065
-0.7556879222058925
0.13984471258371922
0.9888367707778976
-0.4846045096509133
0.1330347147152613
-0.09855393213821406
0.9766790012534952
0.8699049582987102
-0.4538243709130618
-0.17079591760583135
-0.5523475769307038
-0.17786656238437404
0.8673796396200428
0.251110572497115
-0.020316860373596812
-0.5971259181501805
0.11281296104240379
0.0797094163558596
0.5282981268582159
0.916441848244326
-0.969107788917682
-0.8827786642893019
0.6308634529652948
-0.8028727419843193
0.15279856679268544
-0.31092909081629494
0.8337888520730072
-0.42476592972583194
0.5193791499612419
0.2829835860193044
-0.7303816008090911
0.37493852737778033
0.005105644121434105
-0.3662027072377694
-0.4736021565752562
0.11655778031019448
0.210455105698776
-0.5651813942607071
0.4946049389783438
-0.8780377388995391
-0.43525788827476974
-0.823963722357449
-0.12627400390129506
0.7683755789592945
-0.22043712051372166
0.7247619024585992
0.32385853633884576
-0.3201021025317774
0.808561630665082
-0.15528702186283705
0.5830654960960602
-0.16127662975366897
0.8040130019755913
-0.5550747387531567
0.596969914675193
-0.46607350332996034
-0.3187410933990087
-0.7891451640056719
-0.3645129382143597
-0.24918541934775296
0.40085430994697435
-0.18831416340823037
0.5438497031173957
-0.5928344436376851
0.561952987206433
-0.9532457347823424
-0.6055191692233952
0.9036378068187321
0.5080191977520754
0.831721275043386
-0.26448477696671246
0.20336539384315788
-0.8872397673836292
-0.6942227592912598
0.3184540485941256
-0.11440298545608751
-0.4051371101888055
0.6441881529454856
0.4752097917416329
0.687333392220324
-0.44561855761851366
0.4342437190149986
-0.03791503646745431
-0.564217395433664
-0.4723128686855851
-0.01962762177882449
-0.9479734533213342
0.7142428012717954
0.6934989093383659
0.1489955638159739
-0.15635430647347315
0.44682953523210145
-0.4633706408100655
-0.7214922708644378
-0.3734828138197428
0.9475006007395772
-0.2619220462021161
-0.32755677905291014
-0.641496024845001
0.8454669068901648
-0.6243108544412612
0.6277733923066338
0.6710319725921752
0.9956146937884456
0.04178130452354023
0.30015615882220703
-0.7849217000381703
0.6835620114095582
0.8107682674496903
0.6635082407163155
-0.2831795375601718
0.5820422036825139
0.3153917283366807
0.7919733741533292
0.7237000109288239
0.70196351626995
-0.4515882576250245
-0.5830733300974678
-0.2881908169339995
-0.03659616976140301
-0.1349229162241914
-0.8934340185540766
0.21840423056396463
0.28545559971419676
-0.8152871168902405
0.33015049882487535
-0.7037773632359106
0.1619257382544177
0.8959341470969782
-0.48753957956745286
0.6907759550795176
-0.29698837591243077
0.25712348862006973
-0.4676348513199251
0.20244118224757912
-0.6402903112041343
-0.9492011652575778
0.6040020298909232
-0.4570689054090573
-0.7033532083509226
0.4791260743439394
-0.6045648054785677
0.9154829847629651
0.4127419335137643
-0.7820173006032949
0.8267202386891246
-0.6281594612205958
-0.07493680725914298
-0.4591177194948637
0.29521328787043233
-0.5472478232717661
0.727320753952043
-0.9430163927508919
0.9922178887750659
0.9012084828956741
-0.7431695453798859
0.6815923378553301
0.3051187526389296
-0.028268391204318677
-0.3257507468562726
0.5274695482494618
-0.5659047455512154
0.5374135779822651
-0.4210920005419807
-0.9169826578316123
-0.1801104175239001
0.02130800436397351
0.7946568996875691
-0.8241967816777784
-0.6815022523480554
-0.30626286943824654
0.8451435546426234
0.9430545819976917
-0.20547882050206434
0.6772912637831847
0.8340401886769808
-0.6672939019608448
-0.6258858798173998
-0.7791448735607516
-0.7896694515169191
-0.18165165213361578
0.831159125301763
0.3447486458728266
-0.16549544446704978
0.7019973739141172
0.5292764418964144
-0.8746607667125885
0.8543769216944361
0.5921832734158472
-0.454359480907347
0.17565201749895465
-0.22494742470350193
-0.33506674505350964
0.7620160071439499
0.5325169581754172
0.7686914578958364
0.08371002944165595
-0.0870056519074971
-0.04044841669147603
-0.6733769988396048
0.7202230245349099
0.1698804315709157
0.8378266657476368
-0.3050352745442104
0.08291744176923888
-0.4230111429204557
0.9132079208035195
0.7404485740936613
0.8086487247643948
0.16968791432093155
-0.597282775237475
0.6671306016741994
-0.3781485139560501
0.010276150180460464
-0.53144557221889
0.7121828391503278
-0.9583829878410124
-0.7905946176380374
0.540518833321542
-0.7419931749726583
0.7616938349608127
-0.4548938758113561
0.6974257282395793
0.5645789247527135
-0.5732307328173694
0.36273048991855084
-0.8741525036685902
-0.6903578611056671
0.7472045581917885
0.5619242186266258
-0.8058422776365137
-0.08276447139583465
0.4917049808396683
-0.6268462879821461
-0.49289164676501596
0.9183332937734754
-0.2811537788129608
0.4652729628926826
-0.8620775121974369
-0.9306918608856405
0.5024373023097519
-0.33337474738053197
0.4817837249183863
0.7626945947922126
-0.18069643722902784
0.3852596548943139
-0.8105539051877642
-0.17407873489318115
-0.8327997415499901
0.04037999920599411
-0.953387601129762
-0.8810985141807728
0.6456562066799854
-0.9757717886826198
0.31825972037527706
0.20012959933676244
0.8381958295550069
0.3019044293600506
0.6865571579384946
0.9083620132291252
0.6662664918647254
0.9452848852829401
-0.3909802212169511
-0.13997451834347685
0.13288833337053263
0.042095692816544794
-0.7798972987121588
-0.23888966814122092
-0.03366928969188576
-0.44877539854318416
-0.15704435502527336
0.8132629391133279
0.40396641127439326
-0.3279609135815491
-0.539021394645743
-0.8241968598910514
0.41208902606551945
0.29303491076897115
-0.5593230169163517
-0.32090788609920295
-0.7718221852866534
-0.550428119568986
-0.15748328326011118
-0.7194830748500922
0.7472576293532263
0.2106015998121249
-0.33108166283823026
-0.2246513246066273
0.4727652904603086
0.6807204450955786
-0.4847169165457872
-0.46035177679149264
0.46153604683187166
0.11009035193729444
0.781090112795118
-0.05520968284347938
-0.8803646128636728
0.051684561067464996
0.9611806766192539
-0.27140307346370474
0.7863812035467037
-0.6256024262458377
-0.43679705404129954
0.4684510930622887
0.48934257473927767
-0.3213406780408572
-0.06815039151141966
0.26536664984056557
0.8547833151731195
-0.7488346887411563
0.3739818552297718
0.06332294370763658
0.7563642398390249
0.7932543333883793
-0.07960453817522928
0.5277051990963766
0.12803039105610226
0.9245250289650091
0.575062773082075
-0.028093773753801177
-0.10399708045320266
-0.8203042148978952
-0.18445141579787605
-0.5315833145821627
0.3023481231331775
0.9369022793154649
-0.7157365647531393
0.5039924074510056
0.28340674149476497
0.9900877721689931
0.3386910987365157
-0.3978909036890259
0.5226017520510096
-0.2592844086018531
0.13120112243814508
-0.03977184650353438
0.8046559089091787
-0.8492065460443727
-0.1782424629675674
-0.305080924612791
0.9585831279287622
-0.7926822616606597
0.604818487296432
-0.5443532377521065
-0.09210212687989383
-0.18417142261884778
-0.7663347182890592
0.9049234890340756
-0.644673887567133
0.24589422293588492
0.17918918918170124
0.21110776078949933
0.1426671301417186
0.5276049176437378
-0.051017245817661205
0.2888721357776174
-0.7533971745705526
0.39706169912124456
0.45185798928578347
-0.6452660707748359
0.2140938271521775
0.7782456084261649
-0.05599073853109782
0.6853695735458836
-0.44675987812613993
-0.46949082068538783
0.8416325282176804
0.8296789549133254
0.43970864886060035
-0.11937223490128224
-0.5107560832348643
0.0934929223156471
-0.7333000718031344
0.7289859280171054
-0.6184389998581175
-0.5039344374396098
0.11587071850493302
-0.1878595799007865
-0.03035882647535204
-0.5543842935307253
-0.36040801549748047
-0.03539568291028661
-0.054967032849786435
0.1549194004202723
0.48910443689129157
-0.40252186363579323
0.1857322861580879
0.9529038976994333
0.8780796469553915
-0.4684760949166529
-0.83548274092118
-0.8252867950849301
-0.2260186911254214
-0.4529439015435792
-0.4155685145961818
0.3356578864706541
0.3936916816198015
0.0767346652567118
-0.9431486246119485
0.5556111941729391
-0.28616751728511547
0.2703024726487464
0.8945896405151794
-0.2656802200958992
-0.23790277165537854
-0.4141028967631337
-0.07996776382305515
-0.4089834777682526
-0.7604106075393984
-0.944884038225916
-0.6307501527744988
-0.9361435288531734
-0.2873481837813916
-0.798581940931786
0.22443592837945392
0.45230509505384453
-0.3641660743870816
-0.49191437048450926
0.22756257660692691
-0.6530911487869531
0.5714744598963031
0.38816134428690563
-0.25959472668668093
0.6872718033201781
0.10058782752504736
-0.6743582209370496
0.015875818113650908
0.18828208267025448
-0.4380769138059999
-0.4665460161550199
-0.9067310683796754
-0.474406179684298
-0.4063915117870216
0.32613019491144213
-0.8850487344060403
-0.46577612186675954
0.39610569273401297
-0.8234183338167955
0.9118319155805663
0.6906462843838703
0.32874821818548994
0.10986966364730133
0.4074509253807652
-0.5491460862013644
0.8723359347416035
0.4398118841955301
-0.09361546759428263
-0.5388470765532511
-0.7718606776666994
0.016409247044505415
-0.549635008548268
-0.6721058019682213
0.5707222715484004
0.6764035205663963
-0.981669824986432
0.4253619878728463
-0.23478380585690295
0.45766290169067636
0.016421879027900932
0.8178813262850946
-0.39886986843182615
0.03914004075515476
0.2070903419504464
-0.2671628881434913
-0.5210236397980594
0.5394687663939512
-0.3720320883513464
-0.030489357427570418
0.8154801575539932
-0.9729128058887115
-0.12389690386460295
0.48661941452470825
-0.5130737043392146
-0.871591379935976
-0.27280185646502964
-0.2522582937949831
-0.7097200720281673
-0.1379679683174515
0.8748620094386244
-0.589170830868923
-0.43404351496191906
0.810437422613008
-0.1389611234973085
0.653154866106902
0.9046022382660008
0.7624103732366814
-0.6025756717743564
0.45818368973857226
0.20148317215606237
-0.8134024395984476
-0.2089382444221619
0.5423001747105176
0.13747875975048474
-0.5476747159041861
0.8742902947737461
-0.08608105550532774
0.6420200973998236
-0.29285592571793817
-0.37831182192620183
-0.13021049016015862
-0.28871008113664653
0.9555895548539908
0.16612623920321457
0.901993924619747
-0.44351146526640783
-0.0998597565120769
0.8388067702681523
-0.8116773668682782
0.33569983112687374
0.13044677983563857
-0.6837986988473144
-0.81070906680987
0.13163725892815692
0.7459511727091683
0.2700733215679294
0.9446479020307563
-0.5736115335180298
-0.5664469053382446
-0.28959249569550316
-0.1511847597952758
-0.1221457143293585
0.20148048857893364
-0.5377785487024576
-0.31550520764027246
-0.16393068105188813
0.69483753861517
-0.9429391792662993
-0.7123815821077708
0.6061609659649587
-0.7957174225801995
-0.12707546034081463
-0.43540184084015365
-0.7937500621665969
-0.49263837032530255
0.21824911750577147
0.42451761047323466
0.2038968695970509
-0.2763017157356644
0.5307567866202259
-0.6212169153797604
0.7330178852100739
0.5783704846986335
-0.2451120508297111
0.9210195132401475
0.8931359012731321
0.4174114692126141
0.21692545588693446
-0.4036505658312177
0.14376914514863315
-0.5801452195816501
0.4613387937428386
0.3486327131842051
0.20915698128323923
-0.8892721690534766
-0.6662922000797082
0.5022344549347062
0.6982491758143883
0.6221816475886179
0.5507890450277606
0.11399776105081849
0.8247618628312272
-0.5433832504758727
0.5324157321220784
-0.9053592162485635
0.5483126706866701
-0.9055397827628064
-0.19578942538270994
0.2035030602182084
0.45709586091748067
-0.16746496116560272
-0.7475385230608336
0.3005618066059974
-0.20318276833307913
-0.9686535973691313
-0.7219251286274528
0.14638527769534848
0.8953359013958719
-0.8665407720254383
-0.5418672402623699
0.1930753894042354
0.569100788799088
-0.7717180700227515
-0.8379526712423473
0.19200285456829724
0.3666215830734203
-0.925466455051507
-0.9598882409446137
-0.26894067732527804
0.03695676102196588
0.9310921711175757
0.6708570153989042
-0.04249758523329428
0.5707441219521527
-0.9034699164845696
