-1010.0
-950.6100593734508
-893.6193791810564
-838.978490135515
-786.6379229495238
-736.5482083357809
-688.6598770069843
-642.9234596758321
-599.2894870550213
-557.7084898572501
-518.1309987952166
-480.5075445816186
-444.7886579291539
-410.92486955052
-378.866710158415
-348.5647104655369
-319.9694011845834
-293.0313130282521
-267.70097670924116
-243.92892294024833
-221.66568243397137
-200.86178590310823
-181.46776406035664
-163.43414761841456
-146.71146728997968
-131.25025378774998
-117.0010378244232
-103.91435011269725
-91.94072136526988
-81.03068229483904
-71.13476361410247
-62.20349603575807
-54.187410272503634
-47.037037037037024
-40.70290704205611
-35.13555100025867
-30.285499624342606
-26.103283627005695
-22.539433720945816
-19.54448061886078
-17.068955033448447
-15.063387677406663
-13.478309263433234
-12.264250504226016
-11.371742112482853
-10.75131480090158
-10.35349928218003
-10.128826269016045
-10.027826474107465
-10.001030610152128
-9.998969389847872
-9.972173525892535
-9.871173730983955
-9.64650071781997
-9.248685199098425
-8.628257887517147
-7.735749495773983
-6.521690736566766
-4.936612322593353
-2.9310449665515534
-0.45551938113921686
2.5394337209458158
6.103283627005677
10.285499624342584
15.135551000258676
20.702907042056115
27.03703703703706
34.1874102725036
42.203496035758036
51.13476361410246
61.03068229483904
71.94072136526982
83.91435011269719
97.0010378244232
111.25025378774998
126.7114672899796
143.43414761841447
161.46776406035664
180.86178590310823
201.66568243397126
223.92892294024844
247.70097670924116
273.0313130282519
299.9694011845834
328.5647104655368
358.8667101584153
390.92486955052
424.78865792915354
460.5075445816188
498.1309987952166
537.7084898572498
579.2894870550213
622.9234596758316
668.6598770069847
716.5482083357809
766.6379229495234
818.978490135515
873.6193791810564
930.6100593734512
990.0
