u profile output_lags dfa_0 dfa_ext_0 dfa_1 dfa_ext_1
0.1142427626211352 0.11432073127799615 2.3977228071261734 -0.5971183702251586 -1.4120849310991985 -0.5983488878685636 -1.4021010415935213
0.21625569824732438 0.3306543981821815 2.096692811462192 -0.5977541659080233 -1.178224527970313 -0.6008176754986828 -1.1681933375163225
-0.13674172638645998 0.1939906404525825 1.7956628157982109 -0.6016749679659096 -1.07598274013033 -0.605572439647138 -1.072127621597505
-0.21681436398379883 -0.022745754874355373 1.4946328201342298 -0.6066492607340115 -0.8510422516378953 -0.6171634711535205 -0.8564624196431387
0.11796673678292724 0.09529895056543282 1.1936028244702486 -0.6151587061832412 -0.7637761047913931 -0.6341841874149668 -0.6575140690747759
0.7075928915287497 0.8029698107510435 0.8925728288062674 -0.6355968025151374 -0.5236498345176843 -0.6785683783709866 -0.5303323258133538
-0.4691761864283517 0.3338715929795527     
-0.36928663096279957 -0.03533706932638592     
0.6323047563203483 0.5970456556508233     
-0.3813638392726022 0.21575978503508209     
0.4432791294991749 0.6591168831911179     
0.0387811305511222 0.6979759823991011     
-0.5558777667936268 0.14217618426233525     
-0.19436047455478245 -0.052106321635586234     
0.1177902511133091 0.06576189813458382     
-0.15511460928655163 -0.08927474249510685     
0.7651438949864161 0.6759471211481702     
-0.5757098702961807 0.10031521950885047     
0.7014591728006453 0.8018523609663567     
-0.5567828335945846 0.24514749602863306     
0.29571917428350536 0.5409446389689994     
0.19293392293104528 0.7339565305569056     
-0.8464778211187721 -0.11244332190500561     
-0.036087643886405174 -0.14845299713454985     
0.149668172852927 0.0012931443752381144     
-0.14239960661063344 -0.14102849357853436     
0.16294440957153744 0.021993884649864043     
0.21668935366472197 0.23876120697144698     
-0.16745422633947893 0.07138494928882902     
-0.10797926088269949 -0.03651634293700952     
0.4955919919755255 0.45915361769537694     
0.2869950443210113 0.7462266306732492     
-0.14706243539837782 0.5992421639317324     
-0.26000147522161154 0.33931865736698175     
-0.31717448410966786 0.02222214191417482     
0.3133779505155627 0.3356780610865985     
0.18320056693002507 0.5189565966734845     
-0.6068231936858344 -0.08778862835548895     
0.3466389419134849 0.25892828221485686     
0.22177382935877188 0.4807800802304897     
-0.15439652622457456 0.32646152266277606     
-0.27244016456150266 0.054099326758134336     
0.08524199775922525 0.13941929317422053     
0.04428631023236218 0.18378357206344365     
0.22183649622911583 0.4056980369494204     
0.28018760239245644 0.6859636079987378     
-0.2376601783037683 0.44838139835183044     
-0.4334225944314165 0.01503677257727487     
0.10085642916223891 0.11597117039637474     
0.6062619274991912 0.7223110665524268     
-0.7578751944192065 -0.03548615920991871     
0.7661720652253516 0.7307638746722939     
-0.8952418119657485 -0.16439996863659367     
0.8214368252153752 0.6571148252356425     
-0.11293977734364435 0.544253016548859     
-0.45373364331378674 0.09059734189193325     
0.5173910254484086 0.6080663359972028     
-0.3900525264066407 0.2180917782474231     
-0.12772355383299294 0.09044619307129112     
0.07877665668328049 0.16930081841143257     
0.0999859376635629 0.2693647247318564     
0.5032961526512296 0.7727388460399469     
0.0253341749515954 0.7981509896484033     
-0.17923511386280522 0.618993844442459     
-0.41447594002690746 0.20459587307241245     
0.2899355078405965 0.4946093495698699     
-0.45056314931321473 0.044124168913516115     
-0.050749289226303174 -0.006547151655926106     
0.12020921919524319 0.11374003619617803     
0.6379132489549706 0.7517312538080095     
-0.6569998522128878 0.09480937025198266     
-0.15360165222399735 -0.05871431331515373     
0.6781405198732563 0.6195041752149635     
-0.05795019814873259 0.5616319457230918     
-0.07597415535190621 0.48573575902804655     
-0.2916320011507051 0.1941817265342024     
-0.0016678426631293597 0.19259185252793398     
-0.011486581745757785 0.18118323943903714     
-0.14819961112234425 0.03306159697355385     
0.012279303237898831 0.04541886886831363     
-0.004526376211346661 0.04097046131382792     
0.07136529977807915 0.11241372974876802     
-0.03954713226800788 0.0729445661376211     
0.6754087163311502 0.7484312511256322     
-0.777868415287317 -0.0293591955048238     
0.8091338930998659 0.7798526662519031     
-0.11465615704262222 0.6652744778661418     
0.14505112143549026 0.810403567958493     
-0.49146660449741963 0.3190149321179343     
0.17286511214301248 0.4919580129178077     
-0.34091613241352536 0.1511198491611433     
-0.15420748941489093 -0.0030096715968866705     
-0.1376193354589914 -0.14055103839901711     
0.7264812553811182 0.5860081856389621     
-0.19472166154754755 0.39136449274827545     
-0.15844607193091786 0.23299638947421855     
-0.002704762885012535 0.23036959524606698     
0.47350387052149456 0.7039514344244224     
-0.3577746825842576 0.34625472049702577     
-0.48789774678823805 -0.14156505763435134     
0.11462298317740938 -0.026864105800081015     
0.6315964259572409 0.6048102888140208     
0.018519407277929667 0.6234076647488114     
-0.40603987770932704 0.21744575569634528     
0.47938323013302186 0.6969069544862281     
-0.20496115114378688 0.49202377199930214     
-0.3118674499592273 0.18023429069693575     
0.6495844042787671 0.8298966636325638     
-0.4408806951120112 0.3890939371774135     
0.05136140858017679 0.4405333144144512     
-0.36592847178507515 0.074682811286237     
-0.18212537218790936 -0.1073645922448114     
0.7130993570330012 0.6058127334450507     
-0.670210004947592 -0.06431930284568033     
-0.07510975600607128 -0.13935109019489067     
0.4024788089081641 0.2632056873701344     
0.17916743845728933 0.44245109448428466     
-0.5525627970881101 -0.11003373394696447     
0.11409681696217622 0.004141051672072696     
-0.10705301261292366 -0.10283399228399001     
0.517349824139781 0.41459380051265193     
0.22544174626391178 0.6401135154334247     
-0.18065054741091013 0.45954093667937546     
-0.035367217911279725 0.42425168742495667     
0.021460957120148172 0.4457906132019658     
-0.42864745510234503 0.017221126756481686     
0.5289273727624346 0.5462264681757772     
-0.3404540881724233 0.2058503486602149     
-0.10940460350127446 0.0965237138158014     
0.3461126784453493 0.44271436091801164     
0.28416931193705297 0.7269616415119255     
-0.8701035387881788 -0.14306392861939232     
0.10158398667678759 -0.041401973285743784     
0.15239027069707534 0.11106626606819252     
-0.20655904404200864 -0.09541480931695516     
-0.06160622253561343 -0.15694306319570764     
-0.0018622057925309354 -0.1587273003313776     
0.5604223550360563 0.40177302336153964     
-0.4768044104801491 -0.07495341846174852     
0.524775948132755 0.4499004983278674     
0.30670657766790776 0.7566850446526361     
-0.09626230990202311 0.6605007034074739     
-0.1699865418697749 0.49059213019455994     
-0.5159863248853689 -0.02531622603394801     
0.20403621598401078 0.17879795860692374     
-0.14762174384700788 0.031254183416776826     
0.3351264970019031 0.3664586490755409     
0.21666428288660922 0.5832009006190111     
0.01677552943578564 0.6000543987116577     
0.13918945239718672 0.7393218197657053     
-0.45502597077259577 0.2843738176499705     
-0.4452412576018311 -0.16078947129499965     
0.5488673213354395 0.38815581869730076     
-0.3377709000546917 0.050462887299470016     
0.6773515340238739 0.7278923899802049     
-0.12440074314714145 0.6035696154899244     
-0.48564384406304495 0.11800374008374037     
0.49568222750303237 0.6137639362436337     
-0.7741958628565349 -0.16035395795604024     
0.8153158808181717 0.6550398915189924     
-0.34293682152421323 0.31218103865164015     
-0.3745390968793145 -0.062280089570813435     
0.6103150094198049 0.5481128885058524     
0.2874032444174276 0.8355941015801409     
-0.10312508167228518 0.7325469885647167     
-0.7528670420859619 -0.02024208486438428     
0.5674219058604817 0.5472577896529583     
-0.5018170896281295 0.045518668681689745     
-0.11640286325884841 -0.07080622592029771     
0.8293540633261471 0.7586258060627104     
-0.056804860616103015 0.7018989141034683     
-0.7037728301713625 -0.001795947411033283     
0.5035515185937225 0.5018335398395501     
0.08688338137769769 0.5887948898741088     
0.061982488071322006 0.6508553466022917     
-0.5346708050038445 0.1162625102553082     
0.7052182579303978 0.821558736842567     
-0.3939444509031168 0.4276922545963111     
-0.22536726772534976 0.2024029555278223     
-0.2650990491397275 -0.06261812495504424     
0.2891735103527394 0.22663335405455612     
0.12411830337271013 0.3508296260841272     
-0.10239387113174103 0.24851372360924712     
-0.40232898446418297 -0.15373729219807492     
0.01460354342119885 -0.13905578012001513     
0.8461026918533011 0.7071248803901469     
-0.5851056855185015 0.1220971635285063     
0.06628796820776306 0.1884631003931303     
0.16483881411405177 0.353379883164043     
-0.3063756365648179 0.047082215256086024     
-0.1963021042609312 -0.1491419203479842     
0.7635221251112636 0.6144581734201403     
0.060802166487749054 0.6753383085647503     
0.1420412682300397 0.817457545451651     
-0.028855638349085777 0.7886798757594261     
-0.9294761630954652 -0.14071831867917817     
0.9524123990212746 0.8117720489989574     
-0.42488226858982625 0.3869677490659921     
0.3626835442766638 0.7497292619995168     
-0.6587522006004807 0.0910550300558971     
-0.17041155580825085 -0.07927855709549278     
0.15757538554286665 0.07837479710423484     
0.4208977455905861 0.4993505113516819     
0.32501083451904134 0.8244393145275841     
-0.566608031734156 0.2579092514502891     
0.3844790483474867 0.6424662684546367     
-0.1062762756798935 0.5362679614316042     
-0.5160836871283205 0.02026224296014456     
0.02038815947901451 0.040728371096020025     
0.6786114183398587 0.7194177580927397     
-0.317407032712541 0.4020886940370596     
-0.46760263660345525 -0.0654359739095347     
0.25657587622023104 0.19121787096755727     
-0.21092429911528554 -0.019628459490867306     
0.6745675023028197 0.6550170114688133     
-0.04435866091988239 0.6107363192057919     
0.11530365412141763 0.7261179419840704     
-0.8125226323213321 -0.08632672168040079     
-0.014948528613293988 -0.10119728163683382     
0.04093778510019319 -0.06018152787977968     
0.5850769734038836 0.5249734141809649     
-0.30234741486273997 0.22270396797508585     
-0.2514286605479952 -0.02864672391604839     
0.3050398043110646 0.27647104905187714     
-0.10778529965768358 0.1687637180510545     
-0.3079779736052324 -0.13913628689731694     
0.20597001899911915 0.06691170075866318     
0.16701091083497066 0.2340005802504948     
0.5092166998446843 0.7432952487520401     
-0.5994472074764856 0.14392600993241544     
0.5935695483370131 0.7375735269262895     
-0.11912251116689099 0.6185289844162595     
-0.30805212164118534 0.3105548314319351     
0.20348702736823154 0.5141198274570276     
0.01072874718585759 0.5249265432997461     
-0.678258239648524 -0.15325372769191703     
0.09763335621426406 -0.05554240282079202     
0.06008517566728844 0.004620741503357367     
0.22531585288883604 0.23001456304905438     
0.03581733558109601 0.2659098672870113     
0.15528695794379666 0.421274793887669     
-0.32997647995992785 0.09137628258460206     
-0.011985338050562788 0.07946891319090023     
0.4721491407144651 0.5516960225622263     
0.2412595520055838 0.793033543224671     
-0.8399307344154888 -0.04681922253395687     
0.1769921567642584 0.13025090288716248     
-0.0062410216682470265 0.12408784987577641     
0.0024382301605092582 0.12660404869314662     
0.6808342548561116 0.8075162722061191     
-0.42828077885206084 0.3793134620109192     
-0.3403568356187593 0.03903459504902085     
-0.10244676963594646 -0.06333420593006465     
0.024051344882174752 -0.03920489239102895     
0.40019417393199863 0.3610672501978306     
-0.42773223471301647 -0.06658701585832494     
0.416638851625305 0.350129804423841     
-0.05797243147059372 0.2922353416101082     
-0.338212723189802 -0.04589941292283284     
0.00842375622877578 -0.037397688037196106     
0.6178121071561331 0.5804923877757979     
-0.33842232372591885 0.24214803270674     
-0.09527083601909658 0.14695516534450437     
0.10179476904030627 0.24882790304167157     
0.2697118061879936 0.5186176778865261     
-0.2951565173523333 0.2235391291910538     
0.5798040073530877 0.8034211052010024     
-0.5113284876308452 0.2921705862270182     
0.3293715378416232 0.6216200927255023     
-0.39871537153210335 0.22298268985025993     
-0.027261659126175397 0.19579899938094547     
0.1856106438357764 0.3814876118735828     
-0.023839917758745277 0.3577256627716985     
-0.3734017680843852 -0.015598136655825767     
0.11495722376949047 0.09943705577052565     
0.23619984383025294 0.3357148682576396     
0.1505917832534731 0.4863846201679737     
0.16342466219796425 0.6498872510227989     
-0.713101072532167 -0.06313585285250722     
0.7519369881966192 0.688879104000973     
-0.12695603613815631 0.5620010365196776     
-0.47199442766708344 0.09008457750945509     
0.5004508003901824 0.5906133465564984     
-0.2293955212063412 0.36129579400701817     
0.45029944430541613 0.8116732069692952     
-0.7542120657105089 0.05753910991564726     
0.11552331692239881 0.173140395494907     
0.5059284449167344 0.6791468090685023     
-0.4343080213215489 0.24491675640381438     
0.5970066458354197 0.8420013708960951     
-0.6504483816436951 0.19163095790926088     
-0.33784402628891763 -0.1461350997227958     
0.28260425662921707 0.1365471255632822     
0.3925283797642285 0.5291534739843716     
-0.625011212331497 -0.09577976969026447     
0.49149148993005143 0.3957896888966479     
-0.38721578137349566 0.008651876180013174     
0.020813630216408696 0.029543475053282822     
-0.14623457980806898 -0.11661313609792519     
-0.020442174257653045 -0.13697734169871728     
0.4089264988308867 0.2720271257890304     
0.48248860070428046 0.7545936951501717     
-0.43008258365364216 0.3245890801533905     
-0.18727599485569513 0.13739105395455634     
0.6285038185219041 0.7659728411333213     
-0.1858544051305564 0.5801964046596259     
-0.5396356414342636 0.04063873188222322     
-0.052280300344206165 -0.01156359980512199     
-0.04334197545551355 -0.05482760660377459     
-0.08266334954047216 -0.13741298748738578     
0.36327638896982595 0.2259413701393011     
-0.0721902917275451 0.15382904706861694     
0.6807275018485486 0.8346345175740264     
-0.6520453760339054 0.1826671101969819     
-0.15509270294490196 0.0276523759089409     
0.101555080929281 0.12928542549508287     
-0.1875488732918118 -0.05818547913986796     
0.5377856958462551 0.47967818536324813     
0.2611730737953304 0.7409292278154395     
-0.14083258086853045 0.60017461560377     
0.0812270625248589 0.6814796467854898     
-0.34349495695817067 0.33806265848418005     
0.21665580766862047 0.5547964348096615     
0.2234688071791604 0.7783432106456828     
-0.8304064323642135 -0.05198525306166979     
0.3393458199623969 0.287438535557588     
-0.11660618444278292 0.17091031977166604     
-0.04751464887389989 0.1234736395546271     
0.07739211444202343 0.2009437226535115     
0.3109690840460658 0.5119907753564382     
-0.06950351507977559 0.44256522893352357     
-0.25148107768707495 0.19116211990330956     
0.42424379291379466 0.6154838814739652     
-0.5989669697212312 0.016594880409594892     
0.15912631981908631 0.17579916888554217     
0.5536301083733502 0.7295072459157533     
-0.8442994519529592 -0.11471423738034492     
0.17880343251915964 0.06416716379567569     
-0.11620478137160739 -0.05195964891907075     
0.08506117279203029 0.0331794925298205     
0.5879945702119199 0.6212520313986014     
-0.7178325151294683 -0.09650251507400598     
0.8715444640778128 0.7751199176606678     
-0.6910882031278973 0.08410968318963141     
-0.08303733669132629 0.0011503151551660734     
0.6323231481906182 0.6335514320026452     
-0.39523278828561625 0.23839661237388987     
0.39457516276076077 0.6330497437915116     
-0.6530351436499512 -0.019907431201578674     
0.11939920735974141 0.09956974481502369     
-0.0016402773603055865 0.09800743611157905     
0.28860540168300897 0.38669080645144893     
0.3783222380338107 0.7650910131421206     
-0.8024422869945487 -0.03727330519556715     
0.639997364161822 0.6028020276231157     
-0.6441058644784845 -0.04122586819850782     
-0.09158632894933527 -0.13273422849098215     
0.37455323798744466 0.24189697815332345     
0.5143341399542268 0.7563090867644112     
-0.0662597670345072 0.690127288386765     
-0.5202797429817575 0.1699255140618684     
0.6275044940193204 0.7975079767380497     
-0.10781962793326372 0.689766317461647     
-0.18507507479825136 0.5047692113202565     
0.010071103299562734 0.5149182832766802     
-0.46622147620525645 0.0487747757282847     
0.5494281217830875 0.5982808661682332     
-0.5286784171604726 0.06968041766462152     
-0.058885229979247056 0.010873156342235415     
0.5861350338398947 0.5970861588389911     
-0.2980650745676283 0.2990990529282237     
0.10105986710072146 0.4002368886858061     
0.3257996697841151 0.7261145271267821     
-0.08858468203863235 0.6376078137450107     
0.0030450193493301025 0.6407308017512018     
0.13572186285220889 0.7765306332602716     
0.004017330652030471 0.780625932569163     
-0.8837703584637095 -0.1030664572376856     
0.29910715798708465 0.19611866940626     
0.41195335458967564 0.6081499926527966     
-0.7398125433800768 -0.13158458207041934     
0.5959905288130071 0.46448391539944867     
0.32223730345677937 0.786799187513089     
-0.6199146890217305 0.16696246714821938     
0.2206686441179203 0.38770907992300063     
0.0158755304577618 0.40366257903762337     
-0.020445386473524785 0.3832951612209595     
0.12461500699756267 0.5079881368753831     
-0.5990108480375849 -0.09094474250534079     
0.21769901674044345 0.12683224289196363     
0.5838847098612276 0.7107949214100522     
-0.7292354383560743 -0.018362548289161174     
0.10668442006969048 0.08839984043739026     
-0.11079768168624526 -0.022319872591994055     
0.7531514455339008 0.7309095415987676     
-0.8145085863134347 -0.08352107605780612     
0.37770723420031194 0.29426412679936675     
0.07878452821294757 0.37312662366917526     
0.4486753184701999 0.8218799107962361     
-0.5702584454394936 0.2516994340136035     
-0.22451907114557446 0.027258331524890017     
0.4513742072648719 0.4787105074466228     
0.1235157986208435 0.6023042747243272     
-0.18674368491742688 0.4156385584637613     
-0.3445942373521914 0.07112228976843082     
0.7377672632300322 0.8089675216553239     
-0.8952278019182454 -0.08618231160606049     
0.9086963173501729 0.8225919744009733     
-0.4868611331755306 0.33580880988230366     
-0.40165871729964653 -0.06577193876048193     
0.49985710061238264 0.43416313050876165     
-0.3118016405049354 0.12243945866068717     
-0.2524182157161232 -0.1299007883985751     
0.2590531079341566 0.12923028819244242     
-0.11588976422454289 0.013418492624760484     
0.33045567289668865 0.34395213417831005     
0.08988077734657796 0.43391088018174895     
0.23191724554718518 0.6659060943857951     
0.0029310693091644247 0.6689151323518204     
0.10165516740865199 0.7706482684173334     
-0.30773784871809096 0.46298838835610334     
-0.41354198080931404 0.049524376203650244     
0.18452064990536787 0.23412299476587908     
0.30108697451010713 0.5352879379328471     
-0.41571366360467443 0.11965224298503363     
-0.15003294853683002 -0.030302736894935428     
0.33476590355530833 0.3045411353172338     
0.39191506494037875 0.6965341689144735     
-0.10355884934128567 0.5930532882300488     
-0.17058134540677972 0.42254991148013     
0.008061531137031563 0.4306894112740225     
-0.11224731186413572 0.3185200680667477     
0.2963426628964323 0.6149406996200409     
-0.16166439596697657 0.4533542723099253     
-0.4900893224148902 -0.03665708144810398     
0.22413512355033127 0.18755601075908826     
0.000416000872155986 0.1880499802881052     
0.5575436035140814 0.7456715524590476     
-0.6199678610217606 0.12578166009414793     
0.0951662740109186 0.22102590276192746     
-0.12596683807360332 0.09513703334518511     
0.06162385751228472 0.1568388595143308     
0.39851728303144596 0.5554341112026377     
0.029236239925246932 0.5847483197847456     
0.23456216830579657 0.8193884567474031     
-0.8596246763299495 -0.04015825092568548     
0.16764574627989515 0.12756546401107063     
0.34169779495580055 0.4693412276237321     
-0.13507251329191505 0.334346682988678     
0.25183325969110304 0.586257911336642     
-0.2203801280001202 0.3659557519933827     
0.08753868536598797 0.4535724060162316     
-0.30304242772310275 0.1506079469499898     
-0.13947765534384882 0.011208260263001951     
0.22847960569635006 0.23976583461621298     
-0.03313813920005093 0.206705664073023     
0.45135870160570657 0.6581423343355906     
-0.65054545633334 0.007674846659111445     
-0.09721560805701646 -0.08946279274104406     
0.22000502780075037 0.1306202037165673     
0.23957173776383822 0.3702699101372665     
-0.4675782594749932 -0.09723038068086576     
0.6546377996132915 0.5574853875892867     
-0.27921672752175497 0.27834662872439264     
0.17594495836548307 0.45436955574673665     
0.11937463959994077 0.5738221640035384     
-0.2324416358140814 0.3414584968463179     
-0.059730869445557166 0.2818055960576217     
0.3300349250152499 0.6119184897297325     
0.17046606310325751 0.782462521489851     
-0.053974430054235745 0.7285660600924762     
-0.3751827038240919 0.3534613249252452     
-0.3625977128488459 -0.009058419266739781     
0.029361952354400422 0.020381501744521593     
0.5473343604851867 0.5677938308865692     
0.006317330216121353 0.5741891297595515     
-0.1938871087894587 0.38037998962695374     
-0.438280131240705 -0.057822172956890294     
0.04551307203110044 -0.012231132268928899     
0.6178277695064475 0.6056746058943795     
-0.34704308526271077 0.25870948928852966     
-0.04916391224652439 0.2096235456988662     
0.48394052972659785 0.693642044082325     
-0.26216490481811205 0.4315551079210739     
-0.3619402779609866 0.06969279861694821     
0.6529164440129942 0.7226872112868034     
-0.6268542663516303 0.09591091359203396     
0.13300606606086274 0.22899494830975767     
0.20267569153658505 0.4317486085032037     
0.09448463863771794 0.5263112157977826     
-0.5643592395024128 -0.03797005504776929     
0.693647901091136 0.6557558147002277     
-0.6121100937664598 0.04372368959062889     
-0.17051205076692577 -0.12671039251943592     
0.30701277466541244 0.18038035080283746     
-0.1143820298720456 0.06607628958765281     
-0.06783543794973668 -0.0016811797052229127     
0.31970617596400375 0.3181029649156418     
-0.012878172823539424 0.3053027607489633     
0.14752474392754988 0.45290547333337416     
0.07431080780675003 0.5272942497969851     
-0.5497365225983741 -0.022364304144528058     
0.33126258399342345 0.30897624850575633     
0.5342664168385733 0.8433206340011906     
-0.06739275456613536 0.7760058480919162     
-0.17762269684724175 0.5984611199015354     
-0.4280713454962257 0.1704677430621706     
-0.20307895788055397 -0.032533246161522394     
0.32205765167766254 0.28960237417300105     
0.5009502867311707 0.7906306295610327     
-0.7153796342343407 0.07532896398355293     
-0.09573332489416031 -0.020326392253746425     
0.7430079551729302 0.7227595315760447     
0.11882399237105101 0.8416614926039566     
-0.6078977102288959 0.23384175103192162     
0.20643305820360525 0.4403527778923878     
-0.041997104657964024 0.3984336418912847     
-0.26757586047353776 0.1309357500746079     
0.3916408328801668 0.5226545516116357     
-0.04639802608930799 0.4763344941791886     
-0.14907447639713378 0.32733798643891576     
0.19466054366873387 0.5220764987645106     
-0.3250507160941498 0.1971037513272217     
0.06668568249085471 0.26386740247493734     
-0.2974005839943127 -0.033455212862514405     
-0.07650289300823387 -0.10988013721388733     
0.568083107903826 0.4582809393467996     
-0.5268660422260847 -0.06850713422242416     
0.09107937611955497 0.02265021055399176     
0.5478937933986854 0.5706219726095381     
0.11559558312093421 0.6862955243873332     
-0.3231228241722425 0.3632506688719517     
-0.06411528797159072 0.2992133495572219     
-0.08326744399181552 0.21602387422226732     
0.2210985683037403 0.43720041118286856     
-0.06823614117387933 0.3690422386658502     
-0.21147732270311326 0.15764288461959788     
-0.18199138909684676 -0.024270535820387906     
0.3250201519379833 0.3008275847744563     
0.26953871629923765 0.570444269730555     
-0.3550814168932106 0.2154408214942053     
0.09434570834910971 0.30986449850017594     
-0.03598263316804462 0.27395983398899226     
-0.2974812103310217 -0.023443407685168505     
0.3122950801738501 0.28892964114554254     
0.38814359869953263 0.6771512085019361     
-0.4721621095271481 0.20506706763164895     
-0.24039079591258405 -0.03524575962407414     
0.7668489589428804 0.7316811679756672     
-0.06084236204106741 0.6709167745914607     
-0.32190244868706497 0.3490922945612567     
-0.12058270279742467 0.22858756042069295     
0.5918727495238402 0.820538278601394     
-0.2162252999231835 0.6043909473350715     
-0.09443095000232049 0.5100379659896119     
-0.620625295905825 -0.11050936125935218     
0.021479993621885796 -0.08895139898060543     
0.7814639421952209 0.6925905118714764     
-0.7070603638850529 -0.014391883356715596     
0.11304182424612019 0.09872790954626555     
-0.10291400701362974 -0.0041081288105032365     
0.4584642259640195 0.45443406581037715     
-0.5620246558062951 -0.10751262133905704     
0.17843452300104878 0.07099987031885271     
0.40560096038775495 0.4766787993634686     
0.18741431624909866 0.6641710842694282     
0.05617645633388135 0.7204255092601705     
-0.18784073014098301 0.5326627477760484     
0.1925416817002782 0.7252823981331875     
-0.8237548156657708 -0.09839444887572235     
0.6140775043838179 0.5157610241649565     
-0.44131162734147966 0.07452736548033778     
0.16499538513121603 0.23960071926841478     
-0.3540684658296058 -0.11438977790433011     
0.06664432157500344 -0.047667487672465716     
-0.036221574709419 -0.08381109372502377     
0.15401742664398888 0.07028430157582607     
0.03047519754488548 0.1008374677775725     
0.4236789446057777 0.5245943810402112     
-0.5156674065406526 0.009004943156419531     
0.0787080773354909 0.08779098914877138     
0.5077395016032367 0.595608459408869     
-0.6244317232851444 -0.02874529521941449     
0.5862011997795613 0.5575338732170078     
0.11875839992734838 0.6763702418012171     
-0.7122977129596655 -0.03584950250158747     
-0.056239599226486914 -0.09201113307121343     
0.1533946078931817 0.061461443478829245     
0.4765043513802003 0.5380437635158904     
-0.10152725549555086 0.4365944766772005     
0.17674543133019616 0.6134178766642576     
-0.13605333279541498 0.4774425125257036     
0.18921752849366646 0.666738009676231     
-0.7215294856933816 -0.05471350736028968     
0.7424308928600791 0.6877953541566504     
-0.28583708941279584 0.4020362334007155     
0.4091768393239149 0.8112910413814913     
-0.7913329712134763 0.020036038824875924     
-0.1370385682918298 -0.11692456081009292     
0.9598887239046534 0.8430421317514214     
-0.7991374245267996 0.04398267588148275     
0.19348893699644265 0.23754958153478636     
0.41686794627627066 0.6544954964679179     
-0.0274031882508059 0.627170276873973     
-0.18157135425407855 0.44567689127675536     
-0.3246099956002588 0.12114486433335747     
-0.11677061466840355 0.004452218321814874     
0.6337777314498949 0.6383079184285707     
-0.6277095892162272 0.010676297869204432     
0.44649657192258463 0.45725083844865     
-0.021587807810226955 0.435740999295284     
-0.1534862480358523 0.2823327199162926     
-0.2338341103342867 0.04857657823886688     
-0.16816930129422003 -0.11951475439849218     
0.28711304315516917 0.16767625741353792     
0.6964338869752275 0.8641881130456264     
-0.3893887819667283 0.474877299735759     
-0.008955330775466508 0.4659999376171534     
-0.11066294979110192 0.35541495648291244     
-0.1324628237451575 0.2230301013946159     
-0.1426243889275285 0.08048368112394838     
0.2686741153158638 0.34923576509667315     
0.3495953971088699 0.698909130862404     
-0.10675030736612934 0.5922367921531356     
-0.48176840317450786 0.1105463576354887     
0.037377222905107366 0.148001549197457     
0.5848429049670962 0.7329224228214142     
-0.6640013039413564 0.06899908753691875     
0.39178846897401376 0.46086552516779344     
-0.1270462590241771 0.3338972348004773     
0.15685065998920966 0.4908258634465479     
0.37770627593986494 0.8686101080432738     
-0.2517464937273761 0.6169415829727586     
0.07925439691337066 0.6962739485429902     
-0.6553068304234807 0.04104508677637042     
0.2550656396084945 0.29618869504172585     
-0.24311911542054299 0.05314754827804383     
0.08811617063242483 0.14134168756732962     
0.6648320804492464 0.806251736673437     
-0.402628505924137 0.4037011994061609     
-0.08567129517732586 0.318107872885696     
-0.11901054582749804 0.19917529571505888     
0.10339505969154017 0.30264832406346     
0.11887048924229626 0.4215967819626172     
0.035690750640842483 0.4573655012603206     
-0.3249789330668579 0.13246453685032367     
0.5327734636248679 0.6653159691320525     
0.14348122596758217 0.8088751637564956     
-0.5845961543173512 0.2243569780960053     
-0.05283887047494862 0.17159607627791762     
0.1233581652727942 0.29503221020757275     
-0.35920355386733516 -0.06409337500290146     
-0.05859531511659155 -0.12261072146263206     
0.2949921643097223 0.17245941150395117     
0.07517171359583663 0.24770909375664873     
-0.15898261163630056 0.08880445077720914     
0.785891356710573 0.874773776144643     
-0.24894738152101992 0.625904363280484     
0.04188710958282815 0.6678694415201731     
-0.586925571917751 0.08102183825928311     
0.4027276006038739 0.48382740752001796     
0.3209964009071581 0.804901777084037     
-0.33248137270572387 0.47249837303517406     
-0.09640276423302352 0.3761735774590115     
0.39915997711528495 0.7754115232311574     
-0.8255319136821024 -0.050042421794084135     
0.4062011242732163 0.3562366711359931     
0.5088131540866584 0.8651277938795124     
-0.1816482452409549 0.6835575172954185     
-0.7985556998746003 -0.11492021392232088     
0.7032171154450669 0.588374870179607     
-0.2667083423675638 0.32174449646890413     
-0.39127619302075145 -0.06945372789498638     
0.7127288319984892 0.6433530727603638     
-0.1786575176941867 0.46477352372303804     
0.23684548217156165 0.7016969745514606     
0.034812647031033817 0.7365875902393554     
-0.1886076985289904 0.5480578603672259     
-0.25856309859657434 0.2895727304275125     
0.5604478787169047 0.8500985778012782     
-0.917787721029975 -0.06761117457183585     
0.21984819865104255 0.15231499273606766     
-0.1276938632818676 0.024699098111061024     
0.22281660000446213 0.24759366677238412     
-0.0649492129125514 0.18272242251669368     
0.13300662770232052 0.31580701887587515     
0.4871749510891801 0.8030599386219162     
-0.7735694600506371 0.029568447228140005     
0.4349719123634098 0.46461832824841076     
0.2336244182342606 0.6983207151395323     
-0.2947603213839629 0.40363836241243034     
-0.48805548260672094 -0.08433915153742966     
0.3944859241438925 0.3102247412633238     
-0.2727168842671873 0.037585825652997396     
0.5751478423609059 0.6128116366707642     
-0.11801285385643134 0.4948767514711938     
-0.4162631415378756 0.07869157859017917     
0.7900368417653513 0.8688063890123914     
-0.3225744548651538 0.5463099028040985     
0.28520286582757504 0.8315907372885345     
-0.601472538758437 0.23019616718695846     
0.4527279852368249 0.6830021210806443     
-0.7952540897123745 -0.11217399997486932     
0.838667390051203 0.7265713587331947     
-0.23792129180057053 0.4887280355894851     
-0.45240119216717123 0.036404812079174786     
0.08884007655458093 0.12532285729061665     
-0.1977698819277306 -0.07236905598025298     
0.5411264386642556 0.4688353513408635     
-0.046244711920930937 0.4226686080767935     
-0.21374272157140628 0.2090038551622482     
0.13821201432033392 0.3472938381394431     
-0.10019518842516595 0.24717661837113808     
-0.1939852119278518 0.05326937510014726     
0.15896771271543364 0.21231505647244187     
-0.050716622530697864 0.16167640259860494     
-0.16058401667509237 0.0011703545803735393     
0.2573871806681921 0.25863550390542656     
0.2434064613051582 0.5021199338674457     
0.24822775026060928 0.7504256527849159     
-0.6771182682754026 0.07338535316637429     
0.08493903579522177 0.158402357618457     
0.6755715275379426 0.8340518538132605     
-0.1898452378441231 0.6442845846259984     
0.017547066413953205 0.6619096196968125     
-0.7791050532803823 -0.11711746492670883     
0.4201786359726868 0.3031391397028389     
-0.1663323416092668 0.13688476675043307     
0.3147032553581818 0.45166599076547576     
0.3568148887847926 0.8085588482071293     
-0.36209179337846864 0.4465450234855216     
-0.11249491058694716 0.3341280815554354     
0.44021651041629806 0.7744225606285944     
-0.48523415903713163 0.2892663702483237     
0.3643221620566913 0.653666500961876     
-0.5773947429130121 0.07634972670572482     
0.19109950850965252 0.2675272038722383     
-0.3088133303862288 -0.04120815785712961     
0.23583218717626997 0.19470199797600132     
0.44852904986115405 0.6433090164940163     
-0.7600845651554161 -0.11669758000453889     
0.8263181780400218 0.7096985666923439     
-0.4881688383721353 0.2216076969770695     
0.6099082945191231 0.8315939601530535     
-0.024805010477153333 0.8068669183327611     
-0.3638802482951051 0.44306463869451695     
0.19683967867863006 0.639982286030008     
-0.5586603520789795 0.08139990260788943     
0.16984559677273847 0.25132346803748884     
0.2940270044613825 0.5454284411557323     
0.1560224386196285 0.7015288484322217     
-0.05642755672605748 0.6451792603630252     
-0.15724490340673158 0.48801232561315455     
-0.2736869385087578 0.21440335576125769     
0.25465407874835755 0.4691354031664762     
-0.36324273188051615 0.10597063994282097     
0.6501961129469565 0.7562447215466384     
-0.1957635295701653 0.560559160633334     
0.26130932445917987 0.8219464537493748     
-0.9197021583246491 -0.09767773591841333     
0.23653507051509393 0.13893530325354156     
0.5331172070125286 0.6721304789229311     
0.037836796695993935 0.710045244275786     
-0.0992978376846878 0.6108253752479591     
-0.3743933064983943 0.23651003740642573     
0.6406164331776557 0.8772044392409424     
-0.5217832382167837 0.3554991696810196     
0.18512248444195978 0.5406996227798403     
0.07405082771093541 0.6148284191476366     
-0.6961070743437876 -0.08120068653929002     
0.9479145360155606 0.8667918181331316     
-0.7489562553337876 0.11791353145620487     
0.33099122637000167 0.4489827264830675     
-0.5623343305494394 -0.11327363540951096     
0.6333417513347389 0.5201460845820889     
0.3383909849823852 0.858615038221335     
-0.3059572681338243 0.5527357387443717     
0.14721751304298192 0.7000312204442145     
0.14246842992554587 0.8425776190266213     
-0.1109813875194624 0.7316742001640199     
0.0940613964549537 0.8258135652758345     
-0.7839188471386104 0.04197268679408506     
0.35557907136621414 0.39762972681716013     
-0.3375713829439303 0.060136312530090774     
0.176901321472399 0.23711560265935075     
0.49061513627654474 0.7278087075927564     
-0.2673355239040598 0.46055115234555755     
-0.28871415656054045 0.17191496444187804     
0.6594996306355672 0.8314925637343061     
-0.9278147746121023 -0.0962442422209352     
0.7115210021468057 0.6153547285827314     
-0.5209725961259286 0.09446010111366376     
0.6557485957138673 0.750286665484392     
-0.6423669194830058 0.10799771465824715     
-0.06404386672980322 0.044031816585304875     
0.7416940671752535 0.7858038524174193     
-0.4753284075135943 0.310553413560686     
0.31795950552341334 0.6285908877409603     
-0.4204164504327498 0.20825240596507144     
0.4830617507630516 0.691392125384984     
-0.08315849596548885 0.608311598076356     
-0.5540095745252637 0.05437999220795331     
-0.1438517304965915 -0.08939376963177723     
0.3801279249608369 0.2908121239859206     
0.41633884682398326 0.7072289394667648     
0.07514358782727926 0.782450495950905     
-0.6358112783364236 0.14671718627134234     
-0.23983316737451377 -0.09303801244631046     
0.18056039668108192 0.08760035289163243     
0.4859275430108121 0.5736058645593054     
0.05140852521998973 0.6250923584361561     
0.07018755250153408 0.6953578795945511     
-0.7246327170588479 -0.029196868807435883     
-0.046943250404520076 -0.076062150555095     
0.9335663058254364 0.8575821239272023     
-0.3199850898951253 0.537675002688938     
0.13746772294538945 0.6752206942911884     
-0.2826003854033732 0.3926982775446761     
-0.07110495617474188 0.3216712900267952     
0.09948627430332813 0.42123553298698424     
-0.19297313354315715 0.22834036810068806     
0.3744380639561916 0.6028564007137406     
-0.041417386258666755 0.5615169831119348     
0.08581935082955827 0.647414302598354     
0.014146247392292643 0.6616385186475076     
-0.07544083365427179 0.5862756536500967     
-0.0820529520469786 0.504300670259979     
-0.20002236832037135 0.30435627059646864     
0.08235882145523665 0.3867930607085662     
0.37311336491808345 0.7599843942835106     
0.08607305884963545 0.846135421790007     
-0.035429818080299325 0.8107835723665686     
-0.5956756901030672 0.21518585092036235     
-0.21019702058599532 0.005066798991228     
0.34439760510427664 0.34954237275236555     
-0.38062477945097895 -0.031004438041752458     
0.7474791920339734 0.7165527226490819     
0.1085590412136167 0.8251897325195595     
-0.30162923544629994 0.5236384657301205     
0.24793409501389518 0.7716505294008766     
-0.37442255683201575 0.3973059412257218     
-0.2991294953069559 0.09825441457562689     
0.12049576864232014 0.21882815187480797     
0.24128278080696108 0.46018890133863     
-0.5648362482007004 -0.1045693782052095     
0.3753004891966498 0.27080907964830125     
0.5565896172584452 0.8274766655636074     
-0.9284328887908447 -0.10087825457037636     
0.3906264771428817 0.28982619122936626     
-0.0015173935225053503 0.28838676636372185     
-0.08107583319254419 0.2073889018280386     
0.5311518164348441 0.7386186869197436     
0.05870340882007252 0.7974000643966771     
0.002952543714682121 0.8004305767682202     
-0.5789193457437876 0.22158919968129354     
0.03946290557599064 0.2611300739141451     
0.03452260518888162 0.29573064775988767     
-0.027237170180842485 0.2685714462359061     
0.5795933951577106 0.8482428100504776     
-0.12625310702595327 0.7220676716813853     
-0.5460406315824595 0.17610500875578672     
0.1339932159297832 0.31017619334243085     
-0.17254727391606672 0.1377068880832251     
0.2577657718484879 0.3955506285885739     
-0.14161475993856198 0.2540138373068729     
-0.053746723541546526 0.2003450824221873     
0.5406098435809957 0.741032894660044     
-0.4474768783166847 0.2936339850002202     
-0.34440814820521615 -0.05069619454813501     
0.2687173590915455 0.2180991332002714     
-0.2593385234976622 -0.04116142164052983     
0.044917258756149714 0.003833805772480839     
0.8041195593303261 0.8080313337596678     
-0.5022457737842895 0.3058635286322393     
-0.3350478720481651 -0.029106374759064857     
0.33447022878537824 0.3054418226831743     
0.3584022894996468 0.6639220808396821     
-0.6354551554731309 0.028544894023412093     
0.5600906057902325 0.5887134684705055     
0.01934367675828208 0.6081351138856486     
-0.007137762227364175 0.6010753203151453     
0.21277552300872804 0.8139288119807343     
-0.875075165582771 -0.06106838494517575     
0.7561786451681954 0.6951882288798806     
0.06247274634066524 0.7577389438774068     
-0.692244441708364 0.06557247082590378     
-0.09577918205022684 -0.030128742567462105     
0.8229467746825386 0.7928960007719374     
-0.07669239657072746 0.7162815728580709     
-0.08488826293084895 0.6314712785840829     
-0.6200768124021736 0.011472434838770251     
-0.08727544612684401 -0.07572504263121281     
0.7362093372432882 0.6605622632689363     
-0.051310466262024845 0.6093297656637724     
0.25494151924291264 0.864349253563546     
-0.33902537186111814 0.5254018503592888     
0.08036065386186408 0.6058404728780138     
-0.5092606765047796 0.09665776503009516     
0.5112159602361948 0.6079516939231508     
-0.18272831244050314 0.42530135013950865     
-0.10561460810897305 0.31976471068739654     
0.27746700737013763 0.5973096867143951     
0.09275047312644158 0.6901381284976976     
-0.4663991768039859 0.22381692035057266     
0.2005372092157799 0.4244320982232135     
0.10164643311754074 0.5261564999976152     
-0.333339767724004 0.19289470093047212     
0.16460709571435173 0.3575797653016848     
-0.10599033214461762 0.2516674018139281     
0.01041791834674477 0.2621632888175338     
0.1907564750057268 0.45299773248012154     
-0.4294784967630817 0.023597204373900782     
0.20183747240035266 0.2255126454311144     
-0.1683380056828243 0.05725260840515106     
0.8346009129643628 0.8919314900263748     
-0.7239213829840545 0.16808807569918127     
-0.2695360240165443 -0.1013699796605021     
0.9781689254044683 0.8768769144008272     
-0.039277473561062815 0.8376774094966253     
-0.0749044724985285 0.7628509056549577     
-0.25546641839087403 0.5074624559209446     
-0.22465540902001802 0.28288501555778756     
0.5941966038017833 0.8771595880164318     
-0.9052453599639512 -0.02800780329065844     
0.048232064994899515 0.020302230361102028     
0.27075868634254574 0.2911388853605087     
0.5461701384826008 0.8373869924999704     
-0.5439040376919398 0.2935609234648915     
-0.20012953973358238 0.09350935238817007     
0.05199527392030967 0.1455825949653407     
-0.10867518709920576 0.0369853765229959     
0.7830930891855573 0.8201564343654142     
-0.4637430031880856 0.35649139983418954     
-0.2286544446920603 0.1279149237989902     
0.19588578302980264 0.3238786754856538     
-0.09025103101191345 0.2337056131306013     
0.3615505203808451 0.5953341021683074     
-0.10984608445319766 0.4855659863719707     
-0.3937773356845712 0.09186661934426044     
0.2629475539590318 0.3548921419601532     
-0.23470451177925522 0.12026559883775892     
0.1874522008743732 0.3077957683689931     
0.16465711541242656 0.47253085243828064     
-0.3833626497571684 0.08924617133797319     
-0.058159051349485846 0.031165088645348296     
-0.09984607685124658 -0.06860301954903733     
0.7163846564307341 0.6478596055385577     
-0.399658460418286 0.24827911377713263     
0.4329052770457701 0.6812623594797637     
0.19860441891538927 0.8799447470520139     
-0.28904894932857284 0.590973766380302     
0.1756821491083762 0.7667338841455391     
-0.43733725578134997 0.3294745970210501     
-0.28115682733474334 0.04839573834316768     
0.6553562144819028 0.7038299214819315     
0.15248246785965613 0.8563903579984485     
-0.21907441129418825 0.6373939153611212     
-0.29441889128722587 0.3430529927307563     
0.2525012029279391 0.5956321643155563     
-0.5784215087023379 0.017288624270079378     
0.018243116301493334 0.035609709228433664     
-0.0181300505351083 0.017557627350186317     
0.8284645942306932 0.8461001902377404     
-0.3029104314684762 0.5432677274261252     
-0.044855883116649564 0.49848981296633654     
-0.5441812784664501 -0.045613496843252666     
0.09532139160980913 0.04978586342341741     
0.7599984601182032 0.8098622921984815     
-0.9095445294251152 -0.09960426856977278     
0.7963962825098171 0.6968699825969052     
-0.17574155302911088 0.5212063982246553     
-0.531976803771592 -0.010692436890075707     
0.7643452083257223 0.7537307400925075     
-0.13403949878281407 0.6197692099665544     
0.07406636373326558 0.6939135423566809     
-0.14358414475528491 0.5504073662582569     
-0.5804928936606701 -0.030007558745552276     
0.7627688757979825 0.7328392857092911     
-0.2090780719106773 0.5238391824554748     
0.12596893023380262 0.6498860813461383     
-0.0336041629241155 0.6163598870788838     
-0.0789429991981323 0.5374948565376124     
-0.3854544452842187 0.15211837991025468     
0.42670719556030956 0.5789035441274252     
-0.23332150578909194 0.34566000699519417     
0.4477209380889602 0.7934589137410153     
0.07318425511975979 0.866721137517636     
-0.4146466428555893 0.4521524633189077     
0.15011317136040292 0.6023436033361715     
-0.007421551658337688 0.5950000203346948     
-0.13081026080518188 0.46426772818637385     
0.08927488573198772 0.5536205825752225     
0.08857348973456869 0.6422720409666521     
0.04830485383098948 0.6906548634545026     
-0.3791839850371971 0.3115488470741664     
-0.033154174192190355 0.278472641538837     
-0.07612086533066542 0.2024297448650325     
0.3814528990503675 0.583960612572261     
0.1318132375326212 0.7158518187617431     
0.17242363603722732 0.8883534234558313     
-0.9661501793351395 -0.07771878722244718     
0.8518521046003148 0.7742112860347286     
-0.6320993953466577 0.14218985934493178     
0.06699405784544255 0.20926188584723526     
0.6670655286406624 0.8764053831447586     
-0.40895660536907974 0.4675267464325398     
0.1509564261665738 0.6185611412559745     
-0.02235187502259095 0.5962872348902445     
0.07850266061750988 0.6748678641646153     
-0.18898992274738258 0.48595591007409367     
0.04421773069082746 0.5302516094217821     
0.1719828494773794 0.7023124275560224     
0.09798693075889997 0.8003773269717833     
-0.8965954424280832 -0.09614014679943894     
0.6202495744912032 0.5241873963486252     
-0.5682786080444459 -0.044013243038959704     
0.0996231960773144 0.05568792169521565     
0.3907532989749093 0.44651918932698587     
0.43652293670221165 0.8831200946860585     
-0.8744878514514245 0.008710211891494901     
0.6153276767652688 0.6241158573136246     
-0.5873063164381916 0.036887509532293916     
-0.11399637714596178 -0.07703089895680691     
0.4765336538644561 0.39958072356451013     
-0.41697983399038363 -0.01732114176901256     
0.3513873418975376 0.334144168785386     
-0.11607154862430114 0.2181505888179458     
-0.13702338308275086 0.0812051743920559     
0.3480432229265844 0.4293263659755012     
-0.13084388247644418 0.298560452155918     
-0.03632645490566333 0.2623119659071156     
0.051706767210165205 0.31409670177414173     
0.33138105966718223 0.6455557300981849     
-0.32057964028805075 0.3250540584669951     
-0.20336684499078794 0.12176518213306811     
0.6278875553414984 0.7497307061314274     
-0.37970261055260823 0.37010606423568015     
0.41978390551798705 0.7899679384105281     
-0.8701508030619205 -0.08010489599453141     
0.9744400829978203 0.8944131556601498     
-0.6390664716022746 0.25542465271473613     
-0.3364122579012293 -0.08090963652963223     
0.9684869092851641 0.8876552414123928     
-0.22689898731079483 0.6608342227584589     
0.17257763605566157 0.8334898274709814     
-0.13830645607638614 0.6952613400514562     
0.11355014172188549 0.8088894504302027     
-0.10638680283237223 0.7025806162546914     
-0.41970975325079374 0.28294883166075857     
-0.32336559692226885 -0.04033879660464934     
0.561820233387643 0.5215594054398546     
-0.6113329178811632 -0.08969554378444766     
0.1541325535946354 0.0645149784670487     
0.7989098373213614 0.8635027844452711     
-0.5250032981829341 0.3385774549191979     
0.40622653082889604 0.7448819544049549     
-0.14802130527659607 0.5969386177852197     
0.20681848808695402 0.8038350745290347     
-0.8159267636598185 -0.012013720473922906     
0.8793652215887056 0.8674294697716436     
-0.9554034050760877 -0.08789596664758315     
0.09040245883757114 0.002584460846848949     
0.25354672564669034 0.2562091551504002     
0.2315643672232942 0.48785149103055536     
0.20272254437426152 0.6906520040616778     
0.1631679159704723 0.8538978886890111     
-0.07523540766257386 0.7787404496832981     
-0.22948404863400673 0.5493343697061523     
-0.4502094443293836 0.0992028940336297     
-0.007436146549686828 0.09184471614080382     
-0.08190443870092201 0.010018246096742761     
0.48357477816180683 0.4936709929154105     
-0.04296604551225014 0.4507829160600213     
-0.14343494621405062 0.3074259385028316     
-0.11894199770984659 0.18856190944984597     
0.44889332221365086 0.6375332003203578     
-0.2565907169643269 0.3810204520128918     
-0.21706508458728258 0.1640333360824702     
0.5873052828322811 0.7514165875716122     
-0.45788034336181704 0.2936142128666561     
0.16401845833975426 0.4577106398632713     
-0.41877601347803295 0.03901259504209931     
0.6100160013252203 0.6491065650241805     
-0.16462150807829778 0.48456302560274367     
-0.3030460992765196 0.181594894983085     
0.4327869906900028 0.6144598543299488     
0.22123419828286683 0.8357720212696765     
-0.13321376946443853 0.702636220462099     
-0.42715919417285286 0.275554994946107     
-0.0986828021506686 0.17695016145229936     
0.546113194773357 0.7231413248825173     
-0.16826713446237718 0.554952159077001     
0.038910549577555464 0.5939406773114174     
0.028887682589753605 0.622906328558032     
-0.5835396253279687 0.03944467188692424     
-0.043325306798252194 -0.0038026662544669992     
0.7284600237417173 0.7247353261441112     
-0.0008400195501491181 0.723973275250823     
-0.3880978000586097 0.3359534438490742     
-0.05692939106243944 0.2791020214434957     
0.07914999898052277 0.35832998908087943     
0.1756785593698107 0.5340865171075511     
-0.5271275045547527 0.007036981209659343     
0.27182081572505135 0.2789357655915716     
0.4057613226213028 0.6847750568697354     
-0.2534656405516017 0.4313873849749946     
0.122800004794821 0.5542653584266766     
-0.6390870369958522 -0.08474370991231472     
0.0991482373390441 0.014482496083590327     
0.5459128686161814 0.5604733333566326     
-0.32191457998135986 0.2386367220321337     
-0.0013443375361756882 0.23737035315281896     
-0.14246979017967143 0.0949785316300085     
0.3739477605519681 0.4690042608388375     
0.20450042149710423 0.6735826509928027     
-0.261935941404838 0.4117246782448256     
-0.35887653987387025 0.052926107027816305     
0.09550537423356453 0.14850944991824178     
0.2899456512575572 0.43853306983265994     
-0.26481185464400425 0.17379918384551662     
-0.01727202173218212 0.15660513077019544     
0.09989041925942721 0.2565735186864836     
0.5923701922659608 0.8490216796093053     
-0.06863478219932151 0.7804648660668447     
-0.8176041943128061 -0.037061359589100396     
0.011733850094540421 -0.025249540837699022     
0.391841274812852 0.3666697026320139     
0.23193163372392445 0.5986793050127993     
-0.17744760583107022 0.42130966783859003     
-0.03705639068764843 0.38433124580780254     
0.0453932139826122 0.4298024284472757     
-0.03405060624137546 0.39582979086276115     
-0.16902035871438081 0.2268874008052413     
0.11972590528215232 0.3466912747442546     
0.010315739158864856 0.3570849825599804     
0.31750839789915064 0.6746713491159919     
0.16566637235792447 0.8404156901307773     
-0.5633555634422033 0.277138095345435     
0.19974718593701823 0.47696324993931416     
-0.06323341344683353 0.41380780514934157     
-0.08229190637030137 0.33159386743590114     
0.08257197646962877 0.41424381256239085     
-0.2748245231210572 0.13949725809819458     
0.6595308141337137 0.7991060408887692     
-0.4403739756445305 0.35881003390109967     
0.24526534354807128 0.6041533461060319     
-0.23930552442363684 0.364925790339256     
-0.16205899119348144 0.2029447678026355     
0.39592339991792525 0.5989461363774217     
-0.5163979037667932 0.08262620126748943     
0.1005748307354567 0.18327900065980707     
-0.22300056392377265 -0.03964359460710462     
0.715568616420601 0.6760029904703573     
-0.29032455887231035 0.38575640025490787     
-0.007634212715721178 0.37820015619604763     
0.4185100625521041 0.7967881874050127     
-0.46551083791813974 0.33135531814373387     
0.5436961423127434 0.8751294291133382     
-0.3279088470434586 0.5472985507267406     
-0.13909531724334978 0.40828120214025176     
-0.2256793624232335 0.18267980837387923     
-0.21267331271436596 -0.02991553568362576     
0.4868901912221122 0.45705262419534737     
0.34703992808044126 0.8041705209326495     
-0.46140309559367454 0.3428453939958359     
-0.16211062471820226 0.18081273793449462     
0.23260391355845256 0.41349462014980815     
0.15141243917809788 0.564985027984767     
-0.03382886952365227 0.5312341271179757     
-0.1998227111938815 0.3314893845809551     
0.4840768844614195 0.8156442376992356     
-0.5010239987904496 0.3146982075656469     
0.516972096275969 0.8317482724984768     
-0.050743188017079666 0.7810830531382581     
-0.7649331390175156 0.016227882777603453     
0.675079072754547 0.6913849241890114     
-0.35929763182812047 0.3321652610177519     
-0.12211805209755622 0.21012517757705662     
0.33757058979457744 0.547773736028495     
0.3541251333661014 0.9019768380514573     
-0.32174755601470617 0.5803072506936121     
-0.0027166972972685333 0.5776685220532045     
-0.4310656342166218 0.14668085649344365     
0.19233714274626212 0.3390959678965667     
-0.3618430668393756 -0.02266913028594797     
-0.052007727706495976 -0.074598889335583     
0.49348406907017217 0.4189631483914501     
-0.2263584928867789 0.19268262416153217     
0.6853841844049089 0.878144777223302     
-0.3833077871472922 0.4949149587328707     
-0.1929698578734551 0.30202306951627655     
-0.13248760008316174 0.16961343808997578     
0.12317707551735624 0.292868482264193     
0.5554506278252799 0.8483970787463337     
-0.6521121120363055 0.1963629353668892     
-0.22249193750904062 -0.026051033485290448     
0.5383402037805258 0.5123671389520963     
0.23805636151578258 0.7505014691247398     
-0.1241613461738934 0.6264180916077073     
-0.4553961768079213 0.17109988345664695     
0.0842425001072239 0.2554203522207318     
0.059335150984302754 0.3148334718618955     
0.18437433056476016 0.49928577108351657     
-0.4531907807426867 0.046172958997690805     
0.0746744746293535 0.12092540228390526     
0.3268849347371511 0.44788830567791726     
-0.5295968730759908 -0.08163059874121259     
0.9254550165466241 0.8439023864622724     
-0.10498641780042184 0.7389939373187115     
0.10641719971058594 0.8454891056861584     
-0.5343137235119095 0.31125335083110983     
0.43860810583141663 0.7499394253193874     
-0.022496641273528795 0.7275207527027195     
-0.5710112189513737 0.15658750240820674     
0.13130472214408306 0.28797019320915074     
0.284744342068489 0.5727925039345007     
-0.29853561036683063 0.27433486222453096     
0.46258042087698614 0.736993251758378     
-0.42287197950574684 0.31419924090949214     
0.11211650553252406 0.42639371509887714     
0.026838878445040404 0.4533105622007785     
-0.4389223331830555 0.014466197674583903     
0.25326056975150113 0.26780473608294597     
0.5084217303983337 0.7763044351381406     
0.10360277830429443 0.879985182099296     
-0.5347251186129539 0.345338032143203     
-0.37764207351027024 -0.03222607271020628     
0.752792791826357 0.7206446877730117     
-0.5819886872237893 0.13873396920608339     
0.0742971056710251 0.21310904353396942     
-0.19282287341293136 0.020364138777899027     
0.4829131711933424 0.5033552786281024     
0.30591711968728974 0.809350366972253     
-0.5774934150669397 0.23193492056217424     
0.22248587738073744 0.4544987665997726     
-0.04645179190396187 0.4081249433526717     
0.3729084585792275 0.7811113705887601     
-0.3065070466282307 0.47468229261739037     
-0.29453550825655794 0.18022475301769336     
0.40490409892370505 0.5852068205982593     
0.08265873871153173 0.667943527966652     
-0.5316671939348304 0.13635430268868254     
0.32855300168187784 0.4649852730274213     
-0.1652287123408981 0.29983452934338417     
0.5704111699849307 0.8703236679851758     
-0.13872569112862476 0.731675945513412     
-0.36235468767008194 0.36939922650019097     
0.1284777845901015 0.4979549797471534     
-0.40630488232929873 0.09172806607471562     
0.7680711083423507 0.8598771430739273     
0.054520191071279256 0.9144753028020675     
-0.17645378063579142 0.738099490823137     
-0.2759978170534775 0.46217964242652043     
-0.31165865243353974 0.15059895864984163     
-0.019930297785615503 0.13074662952108707     
0.6631848345258996 0.7940094327038476     
-0.8258506226030573 -0.03176322124234876     
0.7143051588142324 0.6826199062287446     
-0.32135302904603014 0.3613448458395754     
0.21158588427896363 0.5730086987754     
0.24725770792922008 0.820344375361481     
-0.3172333705663708 0.5031889734519711     
-0.4124163347527193 0.09085060735611272     
0.6942042856466208 0.7851328616595945     
-0.004978953893328808 0.7802318764231266     
-0.1363678728023524 0.6439419722776352     
0.0812423429370297 0.7252622838715258     
-0.4673709069704637 0.25796934555792306     
-0.15322821227598526 0.10481910193879876     
-0.17660653317387276 -0.07170946257821303     
0.8430367580604335 0.7714052641390814     
-0.041671633424511856 0.7298115993714305     
-0.7130601226782983 0.01682944534999309     
0.054462554783295536 0.07136996879014958     
-0.12465089196207857 -0.05320295451506804     
0.2713585101459314 0.21823352428772427     
-0.0769995103423613 0.14131198260222394     
0.5775049326099075 0.7188948838689924     
-0.06838141959232258 0.6505914329335307     
-0.12325064753336556 0.5274187540570261     
-0.3936477749918247 0.13384894772206235     
-0.1576644299854496 -0.02373751360652629     
0.6834506704932896 0.6597911255436242     
-0.4691156580654875 0.19075343613499762     
0.3148227221133758 0.5056541269052344     
0.05653301682531675 0.5622651123874121     
-0.11554878592574402 0.446794295118529     
0.2058599954773236 0.6527322592527135     
-0.2821645499026194 0.370645678006955     
0.2957082090194665 0.6664318556832824     
-0.6921547510308873 -0.02564492669074392     
0.3826332092364496 0.35706625120256663     
-0.126193682367144 0.2309505374922836     
0.11386901127985105 0.3448975174289956     
0.5065756446794066 0.8515511307652632     
-0.32885460260952404 0.5227744968126001     
-0.4792358773376667 0.043616588131794365     
0.3986578363359363 0.4423523931245916     
0.25820161499644145 0.700631976777894     
0.1948367514673751 0.8955466969021301     
-0.014443547903977727 0.8811811176550133     
-0.04885093129199802 0.8324081550198762     
-0.11804699752278403 0.7144391261539531     
-0.29898341860515276 0.4155336762056613     
0.479062057334942 0.8946737021974642     
-0.8898815641794865 0.00487010667483867     
0.533517138603743 0.5384652139354426     
-0.44753795309359956 0.09100522949870393     
0.7928127164386362 0.883895914594201     
-0.43314769927624475 0.4508261839748172     
0.15434993665089325 0.6052540892825714     
0.27868370607303095 0.8840157640124633     
-0.9057407289629984 -0.02164699629367417     
0.7660524264151913 0.7444833987783781     
-0.6411156380781081 0.10344572935713092     
0.6276417672279672 0.731165465241959     
-0.7406484701199066 -0.009405036221086682     
0.021324952298727773 0.011997884734502043     
0.17585577499719574 0.18793162838855876     
0.4227702676835182 0.610779864728938     
0.2797365015786677 0.8905943349644666     
-0.311559079621497 0.5791132239998306     
-0.36939478607374854 0.20979640658294296     
0.6654487124143617 0.8753230876541656     
-0.8432409804648708 0.032160075846155656     
0.6293509542626211 0.6615889987656377     
0.2565345601710476 0.9182015275935462     
-0.05391946551491367 0.8643600307354935     
-0.5903823027786413 0.2740556966137131     
0.3090151610856692 0.5831488263562432     
-0.07466551671431976 0.5085612782987844     
-0.3899626828870849 0.11867656406856042     
0.35666959947739796 0.4754241322028193     
-0.5258500157098244 -0.050347914850144115     
0.4207657259981634 0.37049577980488024     
-0.36043619885104283 0.010137549610698349     
0.6651958581144783 0.6754113763820376     
-0.06558384866985167 0.6099054963690469     
0.23233047210933933 0.8423139371352472     
-0.20873675643754452 0.6336551493545636     
0.07601965822769396 0.7097527762391185     
-0.29586776862620257 0.41396297626977685     
0.38489981574416554 0.7989407606708033     
-0.5463401697209147 0.25267855960674956     
0.29653767222203764 0.5492942004856481     
-0.558731425259747 -0.009359256117237869     
0.886435425309639 0.8771541378492621     
-0.4679654042422816 0.40926670226384143     
0.5054611165034605 0.9148057874241629     
-0.34561936160964746 0.5692643944713763     
0.044596891443155706 0.613939254571393     
-0.4190886954931615 0.1949285277350924     
-0.00343052724401971 0.19157596914793362     
0.07033081571318278 0.26198475351797734     
0.6413344241752591 0.9033971463500974     
0.021542623967920616 0.9250177389748789     
-0.00950842173801092 0.915587285893729     
-0.5511716633149032 0.3644935912356867     
0.186809354829247 0.5513809147217946     
-0.3876541752587994 0.16380470811985615     
-0.030962841609683878 0.1329198351670332     
0.02630034989129615 0.1592981537151903     
0.5726812273437626 0.7320573497158138     
-0.2715318497755519 0.46060346859712287     
-0.35064101801011194 0.11004041924387187     
-0.1488017198639513 -0.038683331963218465     
0.6983714889278899 0.6597661256215324     
-0.007302893592087134 0.6525412006863062     
-0.19547369420983107 0.45714547513333603     
-0.48976588142981226 -0.032542437639615285     
0.8532517052847346 0.8207872363019802     
0.09229464901704365 0.9131598539758848     
-0.6328124152027655 0.28042540742998023     
-0.03544340069445184 0.24505997539238933     
0.15375324510651722 0.3988911891557675     
-0.05013797359468042 0.348831184217948     
-0.2833183243091464 0.06559082856566256     
0.6447537128431644 0.7104225100656879     
0.15237088293805012 0.862871361660599     
-0.838323940402535 0.02462538991492491     
0.7000888374354344 0.7247921960072202     
-0.32445260925752417 0.400417555406557     
0.1606513539954344 0.5611468780588523     
-0.41365993541022683 0.14756491130548643     
0.42759483163365375 0.5752377115960011     
0.04291918681706863 0.6182348670699307     
-0.055829585299118634 0.562483250427673     
0.2967232317170271 0.859284450801561     
-0.25146693813896515 0.6078954813194568     
-0.21160386359910666 0.3963695863772111     
0.32840129770006965 0.7248488527341417     
-0.40706396778595966 0.31786285360504296     
-0.2831503002162269 0.03479052204567701     
0.38937132918971706 0.424239819892255     
-0.25267576752573107 0.17164202102338488     
0.1139754675170489 0.2856954571972947     
0.41203108140696254 0.6978045072611182     
-0.682913400386153 0.014969075531826137     
0.6788089373401112 0.6938559815287982     
-0.6038483982209546 0.09008555196470458     
0.0003677546456364311 0.09053127526720196     
-0.0426987274803613 0.04791051644370162     
-0.10783187343391065 -0.05984338833334808     
0.4814355784266716 0.4216701587501845     
-0.02193556790819573 0.3998125594988497     
0.16717142856931588 0.5670619567250266     
0.3632987050232591 0.9304386304051466     
-0.27705614955573876 0.6534604495062688     
-0.4772167866693462 0.17632163149378355     
0.684014467794114 0.8604140679447585     
-0.8897423209682949 -0.029250284366675428     
-0.036001630824246234 -0.06517394653406071     
0.3370630863939388 0.271967108516739     
-0.04605694736895993 0.22598812980464     
0.2823239469485306 0.5083900454100315     
-0.5248677397519873 -0.016399725685094846     
0.9170728940793353 0.9007511370511014     
-0.7869765744734479 0.11385253123451444     
0.021118448958694858 0.13504894885007024     
0.18382987160894326 0.31895678911587444     
0.6057587584009063 0.9247935161736417     
-0.8694478961929323 0.055423588637570353     
0.0331880536372503 0.08868961093168161     
0.7540910854679139 0.8428586650564565     
-0.1295943655228592 0.7133422681904582     
-0.03453650737672931 0.6788837294705898     
-0.3937421901976833 0.28521950792976747     
0.3210024365819836 0.606299913168612     
-0.06899823766755664 0.5373796441579163     
0.3778672143341416 0.9153248271489188     
-0.34251235946174596 0.5728904363440338     
0.27501542606759444 0.8479838310684892     
-0.040003519052065895 0.8080582806732842     
-0.1826156340411379 0.6255206152890073     
0.10726141679442236 0.7328600007402906     
-0.7151534844628131 0.017784484934338374     
0.039365557611181434 0.05722801120238076     
-0.0850577558582909 -0.027751775999049183     
0.5124281736521498 0.4847543663099615     
0.3159727730949451 0.8008051080617675     
-0.7138797409913619 0.0870033357272666     
0.1434905806538206 0.23057188503794815     
-0.011240460157411647 0.21940939353739747     
-0.018384290373568368 0.20110307182069004     
0.444134663797766 0.645315704275317     
-0.10411647217971409 0.5412772007524639     
-0.0049895564191692054 0.5363656129901556     
-0.042234263671201644 0.4942093179758149     
-0.10311568209627209 0.39117160453640376     
-0.38274500642781706 0.008504566765447641     
0.6584257070495464 0.667008242471855     
-0.4725857373092247 0.1945004738194912     
0.024258261703031914 0.21883670417938406     
0.3576329713800689 0.5765476442163139     
-0.08576042784396798 0.49086518502920684     
-0.19018936244565654 0.30075379124041124     
0.6245694083034544 0.9254011682007266     
-0.9833768887563031 -0.0578977518987156     
0.9462422514457931 0.8884224682039384     
-0.3606813744979802 0.5278190623628192     
0.15384338876903614 0.6817404197887162     
-0.26723109401181955 0.41458729443375764     
0.04509864396346208 0.45976390705408066     
0.223913305714305 0.6837551814252466     
0.22797183511037966 0.9118049851924872     
-0.13999064078458756 0.7718923130647606     
-0.06461024814297911 0.7073600335786424     
-0.5854891359130441 0.12194886632245927     
0.7087536376374683 0.8307804726167886     
-0.08155294170691763 0.7493054995667319     
-0.2943987395138079 0.4549847287097849     
-0.12852578459494024 0.3265369127717056     
-0.24499290273036445 0.08162197869820212     
0.12018883723938867 0.20188878459445175     
0.5987788016428572 0.80074555489417     
0.04459414246317783 0.8454176660142088     
-0.6678195969587508 0.17767603771231888     
0.48902720357310714 0.666781209942287     
-0.32263400628395655 0.34422517231519134     
-0.052497639492322 0.2918055014797303     
0.4452696404808201 0.7371531106174113     
-0.0777237561503642 0.659507323123908     
-0.5735730515086902 0.08601224027207877     
-0.11685060452192897 -0.03076039559298925     
0.1669757103465045 0.13629328341037622     
0.6289433795308955 0.7653146315981327     
0.0870318122160445 0.8524244124710382     
-0.4852298543171235 0.3672725268107756     
0.11594553630852433 0.4832960317761609     
-0.4793284679916505 0.004045532441371291     
-0.05746449128490616 -0.05334099018667392     
0.36878268799677594 0.31551966646696294     
0.4311220394774945 0.7467196746013184     
-0.7481984780026475 -0.0014008347444681712     
0.0755668356328848 0.07424396954527758     
-0.12645729630770253 -0.05213535810556398     
0.8760678443944439 0.8240104549457408     
-0.7084330186911488 0.11565540491145287     
0.03099446776940229 0.1467278413377161     
0.2854959444345827 0.43230175442915975     
0.006325688392096462 0.43870541147811715     
-0.1479293442065096 0.2908540359284685     
0.5678867697413622 0.8588187743266916     
-0.05373958069239082 0.8051571622911617     
-0.5957635194299119 0.20947161151811078     
0.3314653711955622 0.5410149513705339     
0.2749125495928685 0.8160054696202633     
-0.5162179232134205 0.29986551506370374     
0.17827329328024377 0.47821677700080845     
0.3526244121110875 0.8309191577687569     
-0.5320184081241978 0.2989787183014201     
-0.2981982488178827 0.000858438140398321     
0.35696479204404485 0.3579011988413041     
0.011756118591148002 0.36973528608931305     
-0.23323841034773674 0.13657484439843728     
-0.055053535150324406 0.08159927790497383     
-0.09570479208112037 -0.014027545519285589     
0.8653778977325381 0.8514283208701134     
-0.20589955513006286 0.6456067343969115     
-0.3985217614881945 0.24716294156557794     
-0.21003140168414713 0.037209508538291775     
0.8927971510383925 0.9300846282335452     
-0.7964908016607216 0.13367179522968453     
0.0397754761864082 0.17352524007295367     
-0.06987974183290524 0.10372346689690938     
0.4887697684741632 0.5925712040279335     
-0.3883774898390071 0.20427168284578734     
0.6244360149686367 0.8287856664712849     
-0.410708942617942 0.4181546925102039     
-0.09870031955819714 0.3195323416088677     
-0.10428892350070773 0.21532138676502088     
0.09819277141586258 0.3135921268377444     
0.09201231675807153 0.40568241225267687     
0.05943990126939347 0.4652002821789313     
0.32695758941187747 0.7922358402476697     
-0.35089369267717196 0.44142011622735866     
0.41688715926014774 0.8583852441443673     
-0.3802474267408428 0.4782157860603855     
-0.10105904587945813 0.3772347088377883     
-0.08456321108008424 0.292749466414565     
0.1564805559153465 0.44930799098677243     
-0.06282810101583847 0.3865578586277949     
-0.43789792951662054 -0.0512621022319647     
0.9055789686827869 0.8543948351076831     
-0.1767392486317203 0.6777335551328237     
-0.5791119976435751 0.09869952614610955     
0.8219939617200605 0.9207714565230309     
-0.7022987331761015 0.2185506920037904     
-0.2575972113943027 -0.03896855073365135     
0.5606189870741014 0.521728404997311     
-0.17300879586749796 0.348797577786674     
-0.08029753674597218 0.26857800969756274     
-0.263768912783962 0.004887065570461702     
0.6537689609745325 0.6587339952018552     
-0.6685234960892315 -0.009711532230515352     
0.2059902032825165 0.1963566397088621     
0.6938826484656665 0.8903172568313895     
-0.14710028773439499 0.7432949377538555     
-0.5575783803442445 0.18579452606647195     
-0.08273733344597334 0.10313516127735957     
-0.14098730357212041 -0.03777417363789988     
0.5959623195755679 0.5582661145945289     
-0.27274244587479224 0.2856016373765976     
0.49268089708277685 0.7783605031162354     
-0.5390657453182494 0.23937272645484697     
0.5661923097223279 0.8056430048340358     
-0.5093722695807923 0.2963487039101045     
-0.3155754908527115 -0.019148818285746105     
0.03675856120134735 0.017687711572462197     
0.6246298349727956 0.6423955152021187     
-0.34468879265718644 0.2977846912017932     
0.0017315460311972952 0.2995942058898514     
0.4237309155623311 0.7234030901090435     
-0.0765667608501277 0.6469142979157767     
-0.015645535725650084 0.6313467308469876     
0.13665646286148225 0.7680811623653307     
-0.11865296633762445 0.6495061646845672     
0.011191358261464668 0.6607754916028928     
-0.3841851717278457 0.27666828853190806     
-0.2091187570808264 0.06762750010794263     
0.3012152812830481 0.36892075004785163     
0.21846723405022428 0.5874659527549368     
-0.04114818030820344 0.5463957411035943     
0.2961666970359105 0.8426404067963658     
-0.08677824580194082 0.7559401296512859     
-0.5180032560298815 0.2380148422782653     
0.1707946817002599 0.40888749263538615     
-0.20144490156873085 0.20752055972351627     
-0.035679499435119166 0.17191902894525807     
0.26655296507316395 0.43854996267528296     
-0.06177143887868608 0.3768564924534578     
0.19098336550950923 0.567917826619828     
-0.052618830757184654 0.5153769645195043     
-0.257605167396633 0.2578497657797323     
0.005016925279575313 0.26294465971616854     
0.29563214458569764 0.5586547729587271     
-0.079021126641876 0.47971161497371206     
0.17981754854098353 0.6596071321715565     
-0.5597301718961112 0.09995492893230629     
0.4398456009808489 0.5398784985700161     
0.09106940384445672 0.6310258710713338     
-0.029577002916522765 0.601526836811672     
0.039501283986179136 0.641106089454712     
0.170903888622144 0.812087946733717     
0.09331922818894367 0.9054851435795216     
-0.7298106386693722 0.1757524735670103     
-0.00787073486686296 0.16795970735700827     
0.7630143559377058 0.931052031951575     
-0.35121294532586667 0.5799170552825693     
0.28286777817353603 0.8628628021129663     
-0.4017256995618663 0.4612150712079609     
-0.16819045165201518 0.29310258821280666     
0.16300853273912863 0.4561890896087962     
0.29343715637878387 0.749704214644441     
0.02957467216922316 0.7793568554705251     
-0.046003644669899146 0.7334311794574869     
-0.5852660983331821 0.14824304978116576     
0.28667867954872506 0.43499969798675175     
0.2579744434704315 0.6930521101140442     
-0.05364705938984393 0.6394830193810612     
0.013643633829593105 0.6532046218675153     
-0.610903857978952 0.042378732545424236     
0.7202667952577823 0.7627234964600674     
-0.14633716926030427 0.6164642958566241     
-0.16175033878892464 0.4547919257245604     
0.30713439018676925 0.7620042845681906     
-0.08415951769275509 0.6779227355322964     
-0.653001666824451 0.024999037364706322     
0.39987272651133543 0.4249497325329027     
-0.018960346790432014 0.4060673543993316     
0.49335820823006193 0.8995035312862545     
-0.032766982729800165 0.8668145172133153     
-0.21334805470218066 0.6535444311679955     
-0.3737111422112943 0.27991125761356217     
0.14380144547160745 0.42379067174203056     
0.07276982094460083 0.4966384613434923     
-0.24335225156322282 0.25336417843713044     
-0.07472157050826023 0.17872057658573115     
-0.09521018462342412 0.08358836061916798     
0.13919146524333592 0.22285779451936488     
-0.07098910874148756 0.15194665443473826     
0.7092239050103211 0.8612485281019202     
-0.5480889721880724 0.31323752457070875     
0.34819664084770674 0.6615121340752764     
-0.1281887930460105 0.5334013096861269     
-0.2069287291326095 0.3265505492103783     
0.010454499858881361 0.3370830177261206     
0.25819146811243754 0.5953524544954191     
-0.44061004767893763 0.15482037547334238     
0.676989154146679 0.8318874982768824     
0.08646365998091177 0.9184291269146551     
-0.17074938789166594 0.7477577076798501     
-0.0818543022565541 0.6659813740801569     
-0.3554836751478192 0.31057566758919863     
0.12862337704311322 0.4392770132891728     
0.4507204130525587 0.8900753949985925     
-0.3707347150739919 0.5194186485814615     
-0.27512401852613255 0.24437259871218986     
0.5687964857853426 0.8132470531543934     
-0.35118577017150776 0.46213925163974656     
0.0037940969318520645 0.46601131722845957     
0.16761729962959337 0.6337065855149139     
-0.10072106988913054 0.5330634842826443     
0.08169212089036648 0.6148335738298717     
-0.5540582269331942 0.060853315553538456     
0.5481026601546846 0.609033944365084     
0.02748138683764567 0.6365932998595906     
-0.33538449949947646 0.30128676901697504     
0.4893969666014161 0.790761704275252     
-0.7492502705424248 0.041589402389688224     
0.7695581894929839 0.8112255605395331     
-0.557610369420976 0.25369315977541806     
0.023021445700111554 0.27679257413239056     
-0.3082841767712595 -0.03141363398200803     
0.07560916437215148 0.04427349904700441     
0.5295212737031294 0.5738727414069947     
-0.06209038570559666 0.511860324358259     
0.24074836815663925 0.7526866611717592     
0.03251760279094629 0.7852822326195664     
-0.4305326945985686 0.3548275066778588     
-0.23891094274595837 0.11599453258876138     
0.61471939604031 0.7307918972859323     
0.17174842522842215 0.9026182911712154     
-0.561754441898503 0.34094181792957334     
0.13942696200558835 0.48044674859202263     
0.0601358600524905 0.5406605773013741     
0.15269520644243717 0.6934337524006722     
-0.3195923042674855 0.3739194167900476     
-0.19124319868068906 0.1827541867662195     
0.4662798655947963 0.6491120210178767     
-0.1401707998373103 0.5090191898374273     
-0.5241969007676227 -0.015099742273334438     
0.7363901209330297 0.7213683473165562     
-0.02371907516354732 0.6977272408098698     
-0.28950206299375747 0.4083031464729733     
-0.3764522390168613 0.031928876112972904     
0.15602024769533784 0.1880270924651717     
0.026528319021405622 0.2146333801434383     
0.1639258071955918 0.3786371559958911     
0.37416357985448423 0.7528787045072363     
-0.16840964162372818 0.584547031540369     
-0.01980090906483689 0.5648240911323931     
0.09714847177721675 0.6620505315664708     
-0.15261703954409644 0.5095114606792353     
-0.17920352328891498 0.3303859060471812     
0.19807062495131178 0.5285344996553539     
-0.3295432652100092 0.19906920310220566     
-0.19513889537565043 0.004008276383416193     
0.16739413994305774 0.1714803849833349     
0.012434221434243553 0.1839925750744394     
-0.10389971403814457 0.08017082969315577     
0.27867701633326836 0.35892581468328505     
-0.11694451841113707 0.24205926492900892     
-0.23262958353771257 0.009507650048157318     
0.6176396701186421 0.6272252888236604     
-0.24310904735520178 0.3841942101253195     
0.00684395132285609 0.39111613010503654     
0.5617197212522926 0.9529138200141901     
-0.6955077353969179 0.25748405327413315     
0.4456308628726109 0.703192884803605     
-0.4632508484180735 0.2400200050423924     
0.4279819726934416 0.668079946392695     
-0.4071222058883761 0.2610357091611798     
-0.07586709503800715 0.1852465827800336     
0.2229386760381058 0.4082632274750003     
0.2199996176234731 0.6283408137553343     
-0.3403945689546244 0.2880242134575709     
0.04976158059605851 0.33786376271049035     
0.5225102826516734 0.8604520140190247     
0.051954942149412875 0.9124849248252985     
-0.144660791443604 0.7679021020385555     
-0.0023480968213359654 0.7656319738740804     
-0.0330464078988284 0.732663534632113     
-0.4612713168729071 0.2714701864160668     
0.41883933433456244 0.6903874894074902     
-0.13644046792445608 0.554024990139895     
-0.31300510790418634 0.24109785089256963     
0.3305151748729809 0.5716909944224114     
-0.6068567704267702 -0.035087807347497835     
0.8962026758525599 0.861192837161923     
-0.6377395972049508 0.22353120861383313     
0.6515461410466226 0.8751553183173166     
-0.24411866729978837 0.6311146196743892     
-0.31687873696536106 0.3143138513658891     
0.07942166571560194 0.39381348573835195     
0.030028805107414902 0.4239202595026278     
0.4828665401233655 0.9068647682828542     
-0.22187802473814922 0.685064712201566     
-0.5209152493638917 0.16422743149453523     
0.5626359422645801 0.7269413424159763     
-0.09640565431350401 0.6306136567593332     
0.28815904903978673 0.9188506744559809     
-0.3425752301018995 0.5763534130109423     
-0.26265968816713736 0.3137716935006659     
0.482313404150127 0.7961630663076539     
0.10781991281737158 0.9040609477818864     
-0.11049203154421505 0.7936468848945323     
-0.13834003600585287 0.6553848175455403     
-0.6885194711232189 -0.03305668492081759     
0.603998034554503 0.5710193182905463     
-0.15722755373282893 0.4138697332145783     
0.4942007798832516 0.9081484817546909     
-0.6019506450538076 0.30627580535774424     
0.6134807044013936 0.9198344784159987     
-0.8446153447691438 0.07529710230371589     
0.48038770044804324 0.5557627714086201     
-0.2414637284313158 0.3143770116341652     
-0.19761556691725868 0.11683941337376749     
0.07612632235858174 0.1930437043892102     
0.2869448436881197 0.4800665167341908     
0.03926062108659034 0.5194051064776422     
-0.046382763419067774 0.4731003117154353     
-0.06275559863815139 0.41042268173414487     
0.15807811545662587 0.5685787658476317     
0.23287413436825433 0.8015308688727469     
-0.744122842365272 0.057485995164335835     
0.5981623930764377 0.6557263568976345     
-0.6742192865642355 -0.01841496100974005     
0.14551559052616092 0.12717859817328184     
0.06228909027147678 0.18954565710161958     
0.10105431867395387 0.2906779444324344     
0.55241894550411 0.8431748585934054     
-0.655021010347984 0.1882318169022823     
-0.11260197790384363 0.07570780765529962     
0.3149569507294774 0.3907427270416379     
-0.375157835684676 0.015662860013822888     
-0.04421749079425907 -0.028476662123575233     
0.3959525749528916 0.3675538814861773     
-0.335177421717729 0.03245442842530921     
0.7615515933471437 0.7940839904293139     
-0.3753508066795308 0.418811152406644     
-0.24631682413749867 0.1725722969260063     
0.025306335791575263 0.19795660137444254     
0.7506950771738192 0.9487296472051228     
-0.7751466111385347 0.17366100472344903     
-0.0846665700554925 0.08907240332481749     
0.26159018226691133 0.35074055424858974     
-0.3791793136610766 -0.02836079075562592     
0.17283889777180272 0.14455607567303777     
0.6535825128019009 0.7982165571317996     
-0.6132360676102179 0.1850584581784427     
0.19233618836205169 0.3774726151973553     
-0.15961340302274696 0.21793718083146932     
0.2420469898917731 0.4600621393801034     
-0.06984103135727737 0.39029907667968694     
-0.3705970604933325 0.01977998484321536     
0.8385273576163262 0.8583853111164026     
-0.06473273118168854 0.793730548591575     
-0.2883163874923076 0.5054921297561283     
-0.5054585598918712 0.00011153852111811524     
0.09966255751638697 0.09985206469436604     
0.41041973385257524 0.5103497672038022     
-0.14348635196855708 0.36694138389210607     
-0.34250835740076546 0.024510995148201542     
0.3470177435983177 0.3716067074033802     
0.352424256356332 0.7241089324165731     
-0.5729871237882854 0.15119977728514866     
0.6550216017439606 0.8062993476859702     
-0.20844190434342136 0.5979354119994098     
-0.35782261337808086 0.2401907672781899     
0.3638787159796798 0.6041474519147306     
0.12419927025136135 0.7284246908229529     
0.1616245914842629 0.8901272509640767     
-0.4517144955895994 0.43849072403133826     
-0.34727661216607086 0.09129208052212834     
0.7619555564618485 0.8533256056408378     
0.05129051624577141 0.9046940905434702     
0.05780989351108112 0.9625819527114122     
-0.9849228851161527 -0.022262963747879505     
0.7397724606963426 0.717587465605324     
-0.0011144322677151264 0.7165510019944699     
-0.06543903448266464 0.6511899361686662     
-0.23742950105928318 0.4138384037662439     
-0.18300805056558356 0.23090832185752133     
0.45734929333509744 0.6883355838494797     
-0.3508640735249551 0.33754947898138554     
0.48823335432082815 0.8258608019590746     
-0.3748844723795498 0.45105429823638576     
0.22060452225286065 0.6717367891461073     
-0.2229729681411915 0.4488417896617768     
-0.11290235317954078 0.33601740513909695     
0.5503119732662104 0.8864073470621683     
-0.23268057075408344 0.6538047449649458     
-0.1886339779947821 0.4652487356270246     
0.34387934903441986 0.8092060533183054     
-0.7999720696458218 0.009311952329344564     
0.563215640817271 0.5726055618034765     
0.019769745950834472 0.592453276411172     
0.20978254729425194 0.8023137923622848     
-0.17782914336247602 0.6245626176566698     
-0.6207404531648362 0.003900133148694529     
0.9081100515682125 0.9120881533737679     
-0.016061255886554715 0.8961048661440741     
-0.20083345528198993 0.6953493795189452     
-0.35881669038988917 0.3366106577859169     
-0.29186388024580867 0.04482474619696919     
0.2852198958552935 0.33012261070912363     
0.1492883238381152 0.47948890320409976     
-0.04795156389204114 0.43161530796891956     
-0.3315932571637503 0.10010001946203018     
0.1860562429774978 0.2862342310963889     
0.6163186495784385 0.9026308493316884     
-0.2952570709355087 0.6074517470530406     
0.3514152046885768 0.9589449203984783     
-0.018397211883038556 0.9406256771723007     
-0.8177280731818338 0.12297557264732784     
0.18628950238960618 0.30934304369379495     
0.48415308879994046 0.7935741011505963     
-0.40962108239568573 0.38403098741177155     
-0.32655570980156357 0.057553246267068925     
0.8132671602008936 0.8708983751248235     
-0.0650460565680937 0.8059302872135907     
-0.08562719093228988 0.7203810649381618     
-0.10150902467373746 0.6189500089212853     
-0.018109048601448574 0.6009189289766976     
-0.421826167725349 0.1791707299082096     
0.07907411103646234 0.25832280960153287     
0.1405676114488208 0.3989683897072146     
0.19733843196791956 0.5963847903319951     
-0.5813372864613494 0.015125472527506623     
0.11658524973131323 0.1317886909156808     
0.6710730205798846 0.8029396801524263     
-0.756358959941051 0.04665868886823632     
0.24651853748551456 0.2932551950106118     
0.42946117074147916 0.7227943344089519     
-0.5352734110333909 0.18759889203242197     
0.4906189786858236 0.6782958393751065     
-0.4768800520657116 0.20149375596625585     
0.48320633152184633 0.6847780561449631     
-0.1242905916986119 0.5605654331032122     
0.33871687385151483 0.8993602756115879     
-0.027607349725448982 0.8718308945429999     
-0.5578158671496616 0.31409299605019925     
0.5713763460923943 0.8855473107994545     
-0.705360918628188 0.18026436082812747     
0.5289027510489701 0.7092450805339585     
-0.6076367412383247 0.10168630795249478     
-0.0013562938069719976 0.10040798280238374     
-0.05372866947824151 0.04675728198100318     
0.5645197694254956 0.6113550200633597     
-0.08500659356426665 0.526426395155954     
-0.18261879875350495 0.34388556505931     
0.596657314807851 0.940620848524022     
-0.1315519907591851 0.8091468264216978     
-0.22330381005950695 0.5859209850190518     
0.30211179519091946 0.8881107488668322     
-0.3303299479784374 0.5578587695452557     
-0.49225920880595897 0.06567752939615767     
0.5988279144462488 0.6645834124992674     
-0.581273653813674 0.08338772734245437     
0.2637938072179755 0.3472595032172908     
0.5136645473526354 0.8610020192267872     
-0.42735412928521244 0.4337258585984357     
0.44305128614046885 0.8768551133957655     
-0.15412583350254583 0.7228072485500806     
-0.05513426696200896 0.6677509502449326     
-0.26355078105201846 0.40427813784977507     
-0.42277033642740547 -0.018414229920769465     
0.4698108871120037 0.45147462584809517     
0.28291875006044076 0.7344713445653969     
-0.22493022904170434 0.5096190841805535     
0.1471928298684284 0.6568898827058428     
-0.18294677221523847 0.4740210791474653     
-0.19869829876187783 0.2754007490424484     
-0.23165869580437992 0.04382002189492942     
0.3211116409499426 0.36500963150173293     
0.3696517184784104 0.7347393186370043     
0.15276268179490227 0.8875799690887675     
-0.13960329814399175 0.7480546396016367     
-0.310854326216776 0.4372782820417216     
0.0785595231384636 0.5159157738370461     
-0.1511141719983664 0.36487957049554065     
-0.015269080687391079 0.3496884584650105     
0.4250807075273819 0.7748471346492534     
-0.7745292075716389 0.0003958957344754044     
0.11581012367629395 0.11628398806763031     
0.3623316460965096 0.4786936028210008     
0.42476078515246884 0.9035323566303306     
-0.10508618352477306 0.7985241417624185     
-0.10023424341910347 0.698367867000176     
-0.7101370628005009 -0.011691227143464045     
0.010444558451340291 -0.0011687000352628013     
0.4107920604565475 0.4097013290781456     
0.027617330596714895 0.43739662833172144     
0.2880373136430393 0.7255119106316217     
-0.2193574791764683 0.5062324001120143     
0.005492706384016555 0.5118030751528918     
-0.08277492208330539 0.42910612172644735     
0.4643652404964598 0.8935493308797681     
-0.08483186990449754 0.8087954296321315     
-0.7328438877373055 0.07602951055168694     
0.6092185608539235 0.6853260400624713     
0.15785174770263877 0.843255756421971     
-0.23117696671590582 0.6121567583629262     
0.2952257640661259 0.907460491085913     
-0.8431835085575202 0.0643549511852537     
0.7635960016087483 0.8280289214508629     
-0.01734840090177192 0.810758489205952     
-0.6867315313495356 0.12410492651327731     
0.5245004773807119 0.6486833725508502     
-0.42143399697467243 0.2273273442330387     
0.5935412072894237 0.8209465201793233     
-0.4434367123309775 0.3775877765052068     
0.25832717247348713 0.6359929176355549     
0.023249872771200386 0.6593207590636162     
0.22795093995615012 0.8873496676766273     
-0.5568491248149844 0.3305785115185038     
0.5722215906282163 0.9028780708035811     
0.07067239246859558 0.9736284319290376     
-0.28775271032427774 0.6859536902616208     
0.0105104060212321 0.6965420649397138     
-0.48389764874538077 0.212722384851194     
0.6270603415489343 0.8398606950569892     
-0.6612615422918842 0.178677121421966     
-0.05298928783466328 0.12576580224416367     
0.38186435819519804 0.5077081290962226     
-0.26859669475916914 0.23918940299391445     
0.04000944869466483 0.2792768203454402     
0.6788336814539682 0.9581884704562693     
-0.22770796484727784 0.7305584742658524     
-0.6102857977962445 0.12035064512646887     
0.7396054315475142 0.860034045330844     
-0.13925444532781217 0.7208575686598928     
-0.16692197293705968 0.5540135643796941     
0.40825252171877613 0.9623440547553311     
-0.6165130600797023 0.34590896333248977     
0.1721807627590638 0.5181676947484145     
0.19717951395489652 0.715425177360172     
0.1361535290445708 0.8516566750616037     
-0.614654720975453 0.2370799227430116     
-0.15450995566134362 0.08264793573852894     
0.436449773580873 0.5191756779762629     
0.14938537936661522 0.668639025999739     
-0.3270012766241631 0.34171571803243683     
0.5139610286734627 0.8557547153627605     
-0.8535865421549619 0.0022461418646595455     
0.09786275611879958 0.10018686664032007     
0.830265753077376 0.930530588374557     
-0.9306085570314412 -2.3203661214665772e-14     
