0.10672905592127163
0.1253173922113133
0.1557611498108642
0.19952147401157538
0.25942151794055823
0.33973099073003127
0.446411477360358
0.5875193314918432
0.7737796805144308
1.0193561100542674
1.342844026535138
1.7685064210964652
2.327741829779712
3.0607156563614346
4.017943267793797
5.261150985995919
6.86148301274667
8.890678347134624
11.397169965169162
14.355298372122808
17.579085403735377
20.62240865151653
22.7634078591927
23.225578187214065
21.61997584509893
18.23762630138685
13.861470405556783
9.30779569055731
5.123422840306397
1.5534066660951815
-1.3594534962703437
-3.6709413144829455
-5.4692419028931125
-6.842354298456591
-7.865901473758222
-8.601180627639007
-9.09750854011155
-9.395747460640813
-9.531495234647616
-9.537306755814926
-9.443826299178697
-9.28001024305284
-9.072765518720447
-8.846350499264023
-8.621817709543178
-8.416666885875928
-8.24476497527205
-8.11650458608223
-8.039124199344936
-8.017098409739768
-8.052514312670269
-8.145370120379102
-8.293756268391075
-8.493903598616377
-8.740107018707217
-9.024557869847973
-9.337145904434514
-9.665321859643148
-9.99413892684893
-10.30660470064676
-10.584458489744438
-10.809427010912737
-10.964900021565558
-11.037824082279435
-11.020482095593009
-10.911768877605523
-10.717635326002787
-10.450555505292701
-10.12811367728471
-9.771020106358465
-9.40096839772237
-9.038719515271694
-8.7026718169025
-8.408015160321295
-8.166427429399157
-7.986184298304067
-7.872520626701067
-7.82809053772684
-7.853404212042897
-7.947157186438658
-8.106403138548709
-8.326550660778437
-8.601190334940359
-8.92178561209789
-9.277294717661913
-9.653832327789594
-10.034523215899153
-10.399730646268159
-10.727836903213047
-10.996686082877927
-11.185655038436112
-11.278112947831273
-11.263824257306622
-11.140738613879764
-10.915678031774114
-10.603687966273693
-10.226178847816795
-9.808301041626379
-9.376144792310205
-8.954302785829139
-8.564135681091095
-8.222842752837787
-7.9432468073766636
-7.734094064682156
-7.600641745755416
-7.5453321289216655
-7.568402472568823
-7.668333734596785
-7.842085622914045
-8.085097822807315
-8.391060971778217
-8.75148545129402
-9.155132268921179
-9.587423896897622
-10.03001887810435
-10.460794491397632
-10.8545056087902
-11.184333435633025
-11.424368327453218
-11.55278681442237
-11.555156518146598
-11.427078166625739
-11.175404435206122
-10.817615443971622
-10.379467192845043
-9.891526528864564
-9.38544953568491
-8.890782834830603
-8.432765156643086
-8.031248752800332
-7.700583481829682
-7.450165172583157
-7.285328374943466
-7.208314558306552
-7.219124174925294
-7.316135013303474
-7.496427466479623
-7.755798971274113
-8.088479114070427
-8.48657897655903
-8.939331803001355
-9.432223595752319
-9.946189170606676
-10.457156910734556
-10.936320937200488
-11.351528879230598
-11.670018303630991
-11.862375036929109
-11.907081818546521
-11.794573878633873
-11.529594535572324
-11.131024037818204
-10.629139280911284
-10.06108669097937
-9.465818198682456
-8.879683535061629
-8.333423554789979
-7.850753489131877
-7.448298863735892
-7.136441559251917
-6.920617312470386
-6.802696388288968
-6.782200685637322
-6.857217432955434
-7.024944333289013
-7.281844071632895
-7.623407080693187
-8.043533940268583
-8.533568482526583
-9.08105673694815
-9.668391297150567
-10.27163257316857
-10.859959957736478
-11.396333686455574
-11.839922874922404
-12.15053537969899
-12.294613178941958
-12.251508301527739
-12.01818396257709
-11.610684089663016
-11.061753343668057
-10.415351429540339
-9.719770857903681
-9.021230177314584
-8.359263349691828
-7.764376329028676
-7.2577220636239215
-6.8521676898758725
-6.554072757608499
-6.365231249987858
-6.28462097840654
-6.309771347765049
-6.437674382616151
-6.6652246541243665
-6.989194774763886
-7.405751529788861
-7.909511687391657
-8.492146602714516
-9.140595632690038
-9.835067346580951
-10.547212779848907
-11.239127656151428
-11.864081762780195
-12.369876224301182
-12.705231979028692
-12.828503436808326
-12.716612024269281
-12.371222600188139
-11.819677278618094
-11.110108116354581
-10.302450936088077
-9.458418397471426
-8.63325943115956
-7.870817850503718
-7.201957948570641
-6.645510325046219
-6.210626092036813
-5.8995926475723
-5.710486690585744
-5.6393417784703015
-5.681717946745895
-5.833675698982708
-6.092198264899306
-6.455100363055249
-6.920430928512108
-7.485340752471522
-8.144365547353555
-8.887101467307511
-9.69536772856601
-10.540210270569368
-11.379524560520865
-12.157584217257991
-12.80807128137918
-13.261813889579031
-13.458905069084464
-13.362426868862707
-12.968975874705338
-12.311405020925038
-11.452243716989095
-10.47040722000501
-9.446309693392873
-8.450049200425969
-7.534920007610311
-6.736026405065685
-6.0723979271208925
-5.550793690099879
-5.169819107154092
-4.923561763600238
-4.804421160228097
-4.805093585211175
-4.919807541987693
-5.144938186406703
-5.479103591453988
-5.922788854275811
-6.477472544989594
-7.144156595615827
-7.921144266326366
-8.800908903299073
-9.766019816183956
-10.78444940693104
-11.805282068112676
-12.756836293948345
-13.550049648108539
-14.089651158965959
-14.293039405663814
-14.112088800000254
-13.549114963918091
-12.65897130107182
-11.535692044870864
-10.289879781394767
-9.026381124219009
-7.8292550645279615
-6.755916682596641
-5.838460688725151
-5.088872334245848
-4.505352284288102
-4.078096742185934
-3.7938394662073067
-3.639060569695103
-3.602050053336697
-3.674098912376817
-3.8500727441253533
-4.128559470393454
-4.511701895591098
-5.00473687905383
-5.615165808374666
-6.351372737098073
-7.220388807198107
-8.224396531764386
-9.355550521709965
-10.588942031893389
-11.874359779070776
-13.129192839540718
-14.237177863999337
-15.059199347933971
-15.45997312611155
-15.345990369758137
-14.699178090944997
-13.587602271875811
-12.145936901401392
-10.536433842748773
-8.91008918972336
-7.382222164060506
-6.025160651421138
-4.872920412239921
-3.93116007205324
-3.1876117333634473
-2.620663888826335
-2.2054887589705308
-1.9179550974070876
-1.7368520011958444
-1.644957151257535
-1.6293880509920313
-1.6815604246409483
-1.7969764788676377
-1.9749859388307227
-2.2186032595725544
-2.5344194364482395
-2.9326078542041047
-3.426978589493528
-4.034967504397679
-4.777333921690669
-5.677163447575117
-6.757518224624606
-8.036745625584906
-9.520115076867993
-11.186442670741526
-12.969619671399546
-14.739025401818381
-16.29048624103164
-17.366878727142577
-17.722416956405162
-17.215507077536824
-15.877786861804088
-13.907956107576608
-11.593156009832635
-9.212391447926635
-6.973506616286377
-4.996416396504737
-3.326669752279229
-1.9592473897531795
-0.8604813465011572
0.016066888316161876
0.7197047553207209
1.2972307501898945
1.7905625103382203
2.236191208566132
2.6656451965423544
3.106425512242972
3.5830641759157174
4.118068280403341
4.732560768123453
5.446415641946686
6.277611601359769
7.240405552555105
8.341800990539198
9.57577221270436
10.915051262582045
12.301398877623967
13.637548369872572
14.787087768078408
15.590167857906113
15.898801448019935
15.623358557390874
14.768450044341783
13.436317314292307
11.794522508104198
10.02669894693487
8.290781367484325
6.697739359804299
5.309571252547706
4.148447510428975
3.2092830759045583
2.471199481798343
1.906172603540592
1.4847763471499629
1.179578303529729
0.9668657535158036
0.8272882548577632
0.7458540952241297
0.7115805635914728
0.7169982353931335
0.7576476720732725
0.831664292627615
0.9395050887753995
1.0838309145164076
1.2695339830461831
1.5038955597871362
1.7968632201134735
2.1614373401286406
2.6141430372871457
3.1755265177322833
3.8705359238956225
4.7284935713264895
5.782085685496191
7.064318331821529
8.601675617943005
10.400929287477743
12.426978903319098
14.571881811935672
16.624388122277974
18.26576491178254
19.128525534871688
18.92823147830087
17.605273726381416
15.36775163858537
12.595297607494668
9.682485201642855
6.926622496192108
4.495593290751483
2.449217037930206
0.7769850349825238
-0.5688990271398748
-1.6510472542457657
-2.533769240568737
-3.2764081656455457
-3.9306151936808917
-4.539801078894124
-5.139609632393876
-5.758666547431761
-6.419119486577108
-7.1366460119381125
-7.9197089582632225
-8.767941297937428
-9.669717751881226
-10.59929933155992
-11.51446807126758
-12.356220195888655
-13.052506158817941
-13.52754575452627
-13.716315733069155
-13.580709276148133
-13.121399830439916
-12.37997807967124
-11.430020856248044
-10.360876639009014
-9.26058624966118
-8.20323634218679
-7.242827238555396
-6.412859060525498
-5.729508861184754
-5.196293779163916
-4.808761436419786
-4.558445100337053
-4.435825072460358
-4.432326507057937
-4.541511223674835
-4.759643592691123
-5.085770758919191
-5.521384874946701
-6.069647589893567
-6.734064955391052
-7.516416217109776
-8.413692117695533
-9.41385456403982
-10.49051212987445
-11.597276159123785
-12.663702500017525
-13.596045086215263
-14.286522978514512
-14.63279281155095
-14.564029511660568
-14.063827131144373
-13.178505012916762
-12.005782701030487
-10.669296136632218
-9.290785128072443
-7.970018069561696
-6.776054578915064
-5.747875570725998
-4.9002542267381815
-4.231233992254638
-3.7290172382028266
-3.3773506748264857
-3.159290875890238
-3.0596116565408145
-3.066224515719141
-3.170938729289087
-3.3697787952114377
-3.6629843669635584
-4.054769037768531
-4.552868369638621
-5.167819938151792
-5.911785111305721
-6.796560475754024
-7.830258857886653
-9.012028852029434
-10.324302732054681
-11.722774202327738
-13.126106015026576
-14.410434130462463
-15.41679255756757
-15.97877982083476
-15.968561529051778
-15.343574519288264
-14.167604830606518
-12.591814377036256
-10.806785742863235
-8.992163744435276
-7.284535354887333
-5.767928280669971
-4.479976677403805
-3.424600188301399
-2.584897218725133
-1.9334217883187272
-1.4392706147175733
-1.0724278170210948
-0.8060917053750745
-0.6176564437089085
-0.4888704777712529
-0.40554111241959534
-0.3570307625763798
-0.3356985775418666
-0.3363767427331106
-0.3559279178960937
-0.39290359044902423
-0.4473080610188049
-0.5204656901565637
-0.6149871467816158
-0.7348316953734947
-0.8854655975862303
-1.074120358860915
-1.3101576622264681
-1.605548668466294
-1.9754706923141445
-2.4390076489758203
-3.01989929445583
-3.7471933403224402
-4.6554681213787585
-5.783933570483719
-7.173073395938182
-8.856471652544933
-10.844244714085132
-13.094189217584516
-15.470641000746319
-17.70481262021659
-19.39527377452444
-20.100286443408535
-19.523527735198176
-17.68227347887469
-14.911267290577365
-11.695088051744758
-8.471869201352527
-5.529700763130361
-3.0028712962602238
-0.9154706216167563
0.770914998025862
2.122372032665697
3.2117826236125473
4.1079859198295985
4.871006758982553
5.5505588367858945
6.186103137764516
6.807461820626328
7.435425110383387
8.082058025782741
8.750604420536098
9.435059462508885
10.119674635171366
10.778873527587749
11.378238769112189
11.877256780511564
12.23421274330659
12.412920739195267
12.390005289492104
12.160694898896299
11.741127631328757
11.166219488154708
10.483746550072679
9.746567733751085
9.005243512718035
8.30270932753909
7.6716309067170085
7.134149183680287
6.703231198613166
6.384787993847612
6.179916090225041
6.086872155158775
6.102594884599132
6.223716318940542
6.447066800361801
6.769693808655819
7.188405109291209
7.698829903277539
8.293988482572074
8.962397037617217
9.685841588085419
10.437162849093184
11.178701647441965
11.862381303985076
12.432536403652671
12.832214119760804
13.012541754004786
12.943092221687104
12.619870304222722
12.067708873848602
11.33585984291611
10.488360905201782
9.592639970878354
8.709814955474595
7.888682398577533
7.163628908273428
6.555533783255736
6.0743645146520775
5.722345427951008
5.496962721625287
5.393430867411646
5.4064970398313585
5.5315974723126535
5.765430088575139
6.106002408171156
6.552177130707739
7.102688857882923
7.754563018561751
8.500859273293699
9.327730049388078
10.210992515339154
11.112819764591523
11.97975573659454
12.743845866943715
13.328744166031505
13.661521476537471
13.688303853848845
13.388836859858714
12.78387835864317
11.931708967460935
10.915026629283348
9.823682183697121
8.73944543147229
7.726571969787508
6.8286901512744995
6.0703835164744335
5.461253140257915
5.000653129682437
4.682008983436353
4.496243972882983
4.434229863389956
4.488370701442104
4.653487984530416
4.927159322261417
5.309607082543747
5.803157741514856
6.411206314184002
7.136532139632273
7.978742154997582
8.930613051178565
9.973259306462621
11.070517889814305
12.163854462026709
13.170393314294154
13.987716259346218
14.508447348246362
14.643887529838906
14.349716366234205
13.642317293795033
12.596809803786888
11.327255301946932
9.95867748844768
8.60260125404814
7.342931586314189
6.232518328992264
5.296948562091289
4.541535759353922
3.9586225174468357
3.533727563262223
3.250087753115181
3.0916933174455172
3.0451285207936536
3.1005609797291407
3.25217224540647
3.4982435826764875
3.8410268426967558
4.286445951523722
4.843585040919535
5.523814658046283
6.339277508858146
7.300299423771356
8.411143042360036
9.663495932932522
11.027448188862385
12.440919442848806
13.800973525680963
14.963825513281215
15.762055132234904
16.04280701647333
15.717230249401839
14.797093764464956
13.395612012071323
11.690815124745644
9.873006891330547
8.102188511223432
6.487912521721578
5.0889844337359555
3.9239774071505673
2.9845777603441626
2.2473347548495703
1.6823089070366364
1.2586836984663663
0.9479866155682255
0.7256414272488718
0.5714574856334799
0.46950410894489614
0.4076763561670553
0.3771482990875361
0.37183081134615675
0.38789755647363855
0.42340912467125413
0.47804565301325275
0.5529483346928971
0.6506666136411711
0.7752081082864385
0.9321906045135775
1.129098340286532
1.3756467707958002
1.684259007453433
2.0706498461390908
2.554493832830065
3.1601105174299184
3.9170074706636546
4.859924859567618
6.027626756137183
7.458966980313531
9.183686909683965
11.204292011924023
13.465555205126346
15.813292777621276
17.959483692396674
19.49518030820159
19.998142518953742
19.22034702476337
17.233083459753452
14.399907706591119
11.199235081466263
8.042454191092036
5.1892140453826965
2.753440809709566
0.7479944135494119
-0.8701890449088572
-2.168064283781355
-3.2175688684495594
-4.085931976447762
-4.831495791383469
-5.502487731640865
-6.137169670071689
-6.764444256323325
-7.404396188850287
-8.06849282117531
-8.759346018672188
-9.470106608103727
-10.1837657415719
-10.872880598626463
-11.500465180443447
-12.022842173453345
-12.394935901435952
-12.577677260915756
-12.546060004739026
-12.295500160067354
-11.844210229585993
-11.230562594422363
-10.506303944577375
-9.727921258238764
-8.948715283081125
-8.213313778127883
-7.555138160129068
-6.99637758208533
-6.549587189642202
-6.220027711650268
-6.008086623255792
-5.911386095393964
-5.926394856920037
-6.049493655328162
-6.277506422447761
-6.607722332630051
-7.037419246498723
-7.562877056157412
-8.177861941199032
-8.871595331242059
-9.626325413806162
-10.414827357697098
-11.198487424440504
-11.927018056507617
-12.541086928395258
-12.978831204457842
-13.18602514211656
-13.127737887085509
-12.797654309729527
-12.22123162080542
-11.451088315207627
-10.556322997265099
-9.609746722293869
-8.677046655609848
-7.810171834151515
-7.045163079093088
-6.4033102131310695
-5.894134031708241
-5.518932038890719
-5.274084830064756
-5.153735209071133
-5.151731729422568
-5.2628754017508115
-5.483558861878605
-5.811877713988214
-6.247250770776475
-6.789527965195024
-7.437508224302305
-8.186757775526402
-9.026652489790948
-9.936730656538234
-10.882814539683102
-11.813980517129737
-12.662204354584759
-13.346927129524264
-13.786085420506872
-13.912683921938704
-13.692325168727907
-13.134634929002113
-12.292954270871968
-11.25201652541237
-10.108993487015313
-8.955335186006602
-7.864634914905212
-6.887858504444916
-6.054372364853834
-5.376202001989958
-4.853308574727029
-4.478508264949594
-4.241416540635073
-4.131290870600902
-4.138892009205553
-4.257566621555089
-4.483744914996876
-4.816992222459286
-5.259676902826195
-5.816228128433944
-6.491860004835938
-7.290540639666162
-8.211911683289394
-9.246880602176256
-10.37184534138423
-11.542168063959656
-12.686758471523884
-13.70727391558899
-14.486449530477657
-14.90842744772186
-14.888167446270236
-14.399202694461707
-13.485751478055299
-12.251809480859501
-10.832637150020805
-9.362587495049262
-7.951650540678495
-6.675280115458361
-5.575185109050324
-4.666139070751171
-3.944519531365191
-3.396060047818274
-3.0018234252518545
-2.7423103429213898
-2.6000166678855314
-2.560855705670407
-2.6148271231141345
-2.756231361752993
-2.9836379687482673
-3.2997325459130025
-3.71109036681278
-4.227848225396788
-4.863158111459855
-5.632191456160724
-6.5503044267067
-7.629768810303076
-8.874270194128904
-10.270369711979313
-11.77576627215654
-13.306189333353316
-14.726595378549174
-15.856846741437113
-16.502382799020413
-16.509610440946584
-15.824680343232556
-14.520999228957173
-12.775702994946604
-10.80976239057922
-8.82681601192168
-6.976521517291211
-5.34612458261138
-3.9700712310174
-2.8460132889606164
-1.9499512562231214
-1.247694770280062
-0.7023918296453121
-0.2788849328968848
0.05416938917954128
0.32362065544522517
0.5519976444117966
0.7581381944813689
0.9580253915508952
1.165684030906218
1.3940611159789753
1.6558586501325183
1.964313993196829
2.3339376525940225
2.781217743478095
3.3252680810765787
3.988309116208261
4.795716198325043
5.775145245294627
6.953920569400337
8.353403101257028
9.978558258333532
11.800967410510214
13.735468976741167
15.616670174430315
17.192453471530403
18.160128493122357
18.257914615311687
17.378597197571107
15.629925306492328
13.291757088321788
10.702248953141757
8.151367433446818
5.829822213046336
3.8295479289277057
2.1691193876381596
0.822512873901595
-0.25837246934519853
-1.1290560533508418
-1.8441620748307095
-2.45340214288538
-3.000181319022339
-3.5216624820077427
-4.049523633007452
-4.610901368772136
-5.229158193728585
-5.924176827470982
-6.711898384132702
-7.602806530652451
-8.599060527744493
-9.690094771111562
-10.846903530013591
-12.016126402263385
-13.116503688094904
-14.041780111872907
-14.674211088238751
-14.909444594894701
-14.686462381107054
-14.009690106617084
-12.951227072044015
-11.63127512432368
-10.186760100793418
-8.742298583894538
-7.392644998048978
-6.197792425682031
-5.18685454074088
-4.365899008749912
-3.7262324065552663
-3.2513613285224174
-2.9220974092109833
-2.7199296520444647
-2.62903492634191
-2.6373280750288366
-2.736892538405766
-2.9240473310015624
-3.1992261926786894
-3.5667756866445863
-4.034706282509016
-4.614328137991518
-5.31956317422185
-6.165569333257208
-7.166155524930442
-8.329303277350911
-9.650024375093988
-11.100079997505187
-12.61536412726793
-14.084686564635367
-15.348059969370404
-16.21539019358719
-16.51127253005153
-16.134495212975697
-15.10192335989877
-13.547786184202895
-11.677514567902296
-9.704652749317601
-7.802711206416798
-6.085125639688074
-4.608021309915643
-3.38405994371967
-2.3981442833000375
-1.6204295702242137
-1.0154458477336217
-0.5477311710523531
-0.18485274214086433
0.10133311301006942
0.33451293294244
0.5343628534086714
0.7172927602237258
0.8972946253272969
1.0867934044442291
1.2974603306964672
1.540983544461898
1.8298061111760313
