  0.13372000    
  0.13744999    
  0.13790999    
  0.13502000    
  0.13426000    
  0.13877000    
  0.13986000    
  0.13694000    
  0.13593000    
  0.13826001    
  0.13603000    
  0.13300000    
  0.13623001    
  0.13559000    
  0.13591000    
  0.13249999    
  0.13485999    
  0.13719000    
  0.13158000    
  0.13180000    
  0.13832000    
  0.13482000    
  0.13788000    
  0.13585000    
  0.13753000    
  0.13631000    
  0.13515000    
  0.13665999    
  0.13652000    
  0.13555001    
  0.13563000    
  0.13209000    
  0.13437000    
  0.13846000    
  0.13583000    
  0.13389000    
  0.13096000    
  0.12871000    
  0.12805000    
  0.12495000    
  0.12762000    
  0.13088000    
  0.12678000    
  0.12951000    
  0.12856001    
  0.12616999    
  0.13161001    
  0.13146000    
  0.12680000    
  0.12741999    
  0.12415000    
  0.13000000    
  0.12871000    
  0.13371000    
  0.13553999    
  0.13707000    
  0.13632999    
  0.13822000    
  0.13142000    
  0.13387001    
  0.13815001    
  0.13796000    
  0.14115000    
  0.13538000    
  0.13733999    
  0.13212000    
  0.13858999    
  0.13863000    
  0.13471000    
  0.13450000    
  0.13702001    
  0.13387001    
  0.13778999    
  0.13349999    
  0.13900000    
  0.13124999    
  0.13778999    
  0.13941000    
  0.13916001    
  0.13889000    
  0.13709000    
  0.13828000    
  0.13891000    
  0.13513000    
  0.13472000    
  0.13841000    
  0.13407999    
  0.13805000    
  0.13490000    
  0.13931000    
  0.13547000    
  0.13322000    
  0.13751000    
  0.13916001    
  0.13874000    
  0.13979000    
  0.13716000    
  0.13778999    
  0.13676000    
  0.13958000    
