  0.10284000    
  0.10107000    
  9.75399986E-02
  9.72900018E-02
  9.39600021E-02
  9.19699967E-02
  9.12699997E-02
  9.50599983E-02
  9.34000015E-02
  9.32699963E-02
  9.12299976E-02
  9.19800028E-02
  9.55599993E-02
  9.16400030E-02
  9.31800008E-02
  9.12000015E-02
  9.44800004E-02
  9.39999968E-02
  8.97300020E-02
  9.26799998E-02
  9.08999965E-02
  9.07000005E-02
  9.69199985E-02
  9.60000008E-02
  9.56100002E-02
  9.61299986E-02
  9.66700017E-02
  9.53600034E-02
  9.19699967E-02
  9.64000002E-02
  9.59699973E-02
  9.56400037E-02
  9.37099978E-02
  9.48700011E-02
  9.37099978E-02
  9.01800022E-02
  9.14300010E-02
  9.40700024E-02
  9.03899968E-02
  9.19200033E-02
  9.06499997E-02
  9.28699970E-02
  9.12199989E-02
  9.24599990E-02
  8.79099965E-02
  9.23099965E-02
  8.74300003E-02
  9.01200026E-02
  8.88800025E-02
  8.99000019E-02
  8.74999985E-02
  9.10800025E-02
  8.67599994E-02
  9.27599967E-02
  9.19099972E-02
  9.30600017E-02
  9.00499970E-02
  9.09100026E-02
  8.65200013E-02
  8.83800015E-02
  9.22899991E-02
  9.02199969E-02
  9.18499976E-02
  9.00800005E-02
  8.93800035E-02
  9.27200019E-02
  8.77399966E-02
  8.74800012E-02
  9.44100022E-02
  8.95199999E-02
  9.27200019E-02
  9.12600011E-02
  9.09499973E-02
  9.00200009E-02
  9.13700014E-02
  9.05999988E-02
  8.94699991E-02
  8.75200033E-02
  9.12400037E-02
  8.84699970E-02
  8.84599984E-02
  9.19400007E-02
  8.93400013E-02
  8.91999975E-02
  8.71699974E-02
  8.76799971E-02
  9.15800035E-02
  8.80099982E-02
  8.86000022E-02
  8.86700004E-02
  8.86600018E-02
  8.96800011E-02
  9.18300003E-02
  9.54300016E-02
  9.29099992E-02
  9.41499993E-02
  9.07600001E-02
  9.85699967E-02
  9.52299982E-02
  9.44399983E-02
