  6.76399991E-02
  6.69699982E-02
  6.48799986E-02
  6.70000017E-02
  6.94100037E-02
  6.86800033E-02
  6.84399977E-02
  6.46900013E-02
  6.74199983E-02
  6.91300035E-02
  6.81200027E-02
  6.81800023E-02
  6.41800016E-02
  6.60400018E-02
  6.87099993E-02
  6.87299967E-02
  7.03499988E-02
  6.92799985E-02
  6.85300007E-02
  6.89499974E-02
  6.78000003E-02
  6.90800026E-02
  6.84700012E-02
  7.18899965E-02
  6.67700022E-02
  6.74199983E-02
  6.84200004E-02
  6.94700032E-02
  7.26500005E-02
  7.05400035E-02
  6.58700019E-02
  6.68300018E-02
  6.93100020E-02
  6.75999969E-02
  6.86900020E-02
  6.92600012E-02
  6.97100013E-02
  6.86800033E-02
  6.88799992E-02
  6.97600022E-02
  6.68599978E-02
  6.95300028E-02
  6.89700022E-02
  6.94200024E-02
  7.01700002E-02
  6.46400005E-02
  6.53999969E-02
  6.69599995E-02
  6.80600032E-02
  7.06799999E-02
  6.88299984E-02
  6.59099966E-02
  6.75399974E-02
  7.05100000E-02
  6.78799972E-02
  6.78000003E-02
  6.76999986E-02
  6.86199963E-02
  7.16100037E-02
  3.84199992E-02
  6.95400015E-02
  6.99599981E-02
  6.79899976E-02
  6.71999976E-02
  6.93600029E-02
  6.91699982E-02
  6.67800009E-02
  7.12499991E-02
  6.75999969E-02
  6.98800012E-02
  7.09400028E-02
  7.04500005E-02
  6.98599964E-02
  6.52699992E-02
  7.38999993E-02
  6.86599985E-02
  6.88100010E-02
  7.22599998E-02
  6.65400028E-02
  6.88899979E-02
  6.83000013E-02
  6.87000006E-02
  6.98499978E-02
  7.03900009E-02
  7.02299997E-02
  6.97500035E-02
  6.93600029E-02
  6.81200027E-02
  7.07599968E-02
  7.03599975E-02
  6.89700022E-02
  7.01500028E-02
  7.00799972E-02
  6.88100010E-02
  7.01299980E-02
  7.19999969E-02
  7.03200027E-02
  6.91900030E-02
  6.67899996E-02
  6.62999973E-02
