  5.12400009E-02
  5.26399985E-02
  5.16400002E-02
  5.13800010E-02
  5.27000017E-02
  5.18300012E-02
  5.18699996E-02
  5.23599982E-02
  5.11999987E-02
  5.20099998E-02
  5.33099994E-02
  5.15099987E-02
  5.19899987E-02
  5.26599996E-02
  5.09800017E-02
  5.09499982E-02
  5.22300005E-02
  5.11399992E-02
  5.20900004E-02
  5.29799983E-02
  5.23799993E-02
  5.21299988E-02
  5.22699989E-02
  5.09099998E-02
  5.10499999E-02
  5.15699983E-02
  5.02500013E-02
  5.20999990E-02
  5.27000017E-02
  5.15699983E-02
  5.25900014E-02
  5.25499992E-02
  5.02999984E-02
  5.23599982E-02
  5.25499992E-02
  5.04800007E-02
  5.11300005E-02
  5.13899997E-02
  5.15899993E-02
  5.43899983E-02
  5.33000007E-02
  5.07900007E-02
  5.32700010E-02
  5.10100015E-02
  5.11200018E-02
  5.22999987E-02
  5.13099991E-02
  5.14900014E-02
  5.26000001E-02
  5.07699996E-02
  5.29199988E-02
  5.03799990E-02
  5.28800003E-02
  5.30299991E-02
  5.29300012E-02
  5.29699996E-02
  5.20199984E-02
  5.10899983E-02
  5.11800013E-02
  5.09399995E-02
  5.16499989E-02
  5.09499982E-02
  5.04200011E-02
  5.10100015E-02
  5.16000018E-02
  4.96600010E-02
  5.28800003E-02
  5.10299988E-02
  5.08200005E-02
  5.04000001E-02
  5.11500016E-02
  5.04699983E-02
  5.27799986E-02
  5.09600006E-02
  5.21299988E-02
  5.17099984E-02
  5.22200018E-02
  5.17399982E-02
  5.08100018E-02
  5.10799997E-02
  5.12100011E-02
  5.18699996E-02
  5.13899997E-02
  5.07799983E-02
  5.06200008E-02
  5.10899983E-02
  5.11699989E-02
  5.19500002E-02
  5.08899987E-02
  5.07199988E-02
  5.11300005E-02
  5.15500009E-02
  5.31199984E-02
  5.21100014E-02
  5.06500006E-02
  5.09199984E-02
  5.15099987E-02
  5.19400015E-02
  5.23799993E-02
  5.14600016E-02
