  8.15899968E-02
  8.23199973E-02
  8.45599994E-02
  8.35099965E-02
  8.24799985E-02
  8.28899965E-02
  8.23400021E-02
  8.13999996E-02
  8.20100009E-02
  7.80100003E-02
  8.28500018E-02
  8.16999972E-02
  8.17599967E-02
  8.05199966E-02
  8.31400007E-02
  8.05699974E-02
  8.12499970E-02
  8.14400017E-02
  8.24799985E-02
  8.40499997E-02
  8.26800019E-02
  8.24100003E-02
  8.14599991E-02
  8.28799978E-02
  8.38399976E-02
  8.39300007E-02
  8.42799991E-02
  8.27099979E-02
  8.34100023E-02
  8.46000016E-02
  8.30599964E-02
  8.23699981E-02
  8.19000006E-02
  8.29500034E-02
  8.01400021E-02
  8.12100023E-02
  7.99800009E-02
  8.12399983E-02
  8.12299997E-02
  8.09800029E-02
  8.19299966E-02
  8.23400021E-02
  7.96300024E-02
  8.18599984E-02
  7.86800012E-02
  8.23599994E-02
  8.11299980E-02
  7.94700012E-02
  8.00800025E-02
  7.97900036E-02
  7.91200027E-02
  7.94700012E-02
  7.91200027E-02
  7.97099993E-02
  7.74200037E-02
  7.95700029E-02
  7.91900009E-02
  8.15400034E-02
  7.91300014E-02
  7.92599991E-02
  7.92900026E-02
  7.96499997E-02
  8.08399990E-02
  7.93400034E-02
  7.88400024E-02
  7.90700018E-02
  8.00099969E-02
  8.05400014E-02
  7.95700029E-02
  8.12000036E-02
  8.01599994E-02
  8.05699974E-02
  7.97699988E-02
  7.84299970E-02
  7.90800005E-02
  7.78200030E-02
  7.89199993E-02
  7.72700012E-02
  8.04800019E-02
  7.92599991E-02
  7.89299980E-02
  7.87400007E-02
  8.01599994E-02
  7.85500035E-02
  7.84299970E-02
  7.71299973E-02
  7.72000030E-02
  7.78099969E-02
  7.92599991E-02
  7.96499997E-02
  7.91999996E-02
  8.10500011E-02
  7.84400031E-02
  7.76000023E-02
  7.83900023E-02
  7.98500031E-02
  7.87499994E-02
  7.97799975E-02
  7.93099999E-02
  7.87800029E-02
