  5.15599996E-02
  4.97299992E-02
  4.89900000E-02
  5.04599996E-02
  5.22000007E-02
  5.08700013E-02
  5.12199998E-02
  4.95399982E-02
  4.98900004E-02
  5.05499989E-02
  4.95800003E-02
  5.09499982E-02
  4.92100008E-02
  5.15000001E-02
  5.97699992E-02
  5.10799997E-02
  4.98199984E-02
  4.82200012E-02
  5.04099987E-02
  4.75500003E-02
  4.71299998E-02
  4.91399989E-02
  4.74300012E-02
  4.96900007E-02
  5.21499999E-02
  5.08299991E-02
  5.21599986E-02
  6.07100017E-02
  5.22600003E-02
  5.30500002E-02
  5.08500002E-02
  5.00699989E-02
  5.35999984E-02
  5.02200015E-02
  5.37099987E-02
  6.21300004E-02
  5.04899994E-02
  4.93500009E-02
  6.19600005E-02
  5.00200018E-02
  5.03600016E-02
  4.97599989E-02
  5.09999990E-02
  5.00999987E-02
  5.07799983E-02
  5.11300005E-02
  5.20399995E-02
  5.01100011E-02
  4.87499982E-02
  4.91399989E-02
  5.10100015E-02
  5.78599982E-02
  5.12799993E-02
  5.06800003E-02
  5.06700017E-02
  4.94000018E-02
  4.99100015E-02
  4.97400016E-02
  5.00900000E-02
  5.02899997E-02
  5.10299988E-02
  5.05000018E-02
  4.91399989E-02
  4.67900001E-02
  5.00000007E-02
  4.90299985E-02
  4.91699986E-02
  5.02200015E-02
  4.92100008E-02
  4.90100011E-02
  5.09600006E-02
  4.93000001E-02
  5.06700017E-02
  5.00500016E-02
  5.24599999E-02
  5.12499996E-02
  5.22900000E-02
  6.04600012E-02
  4.89300005E-02
  4.96799983E-02
  4.95899990E-02
  5.02200015E-02
  4.24400009E-02
  5.88600002E-02
  5.00099994E-02
  5.13099991E-02
  5.11500016E-02
  5.06200008E-02
  5.44600002E-02
  5.07499985E-02
  5.07600009E-02
  4.96300012E-02
  4.69699986E-02
  4.91899997E-02
  5.17299995E-02
  4.97299992E-02
  4.91099991E-02
  5.15599996E-02
  6.02300018E-02
  5.03300019E-02
