  9.36499983E-02
  9.28099975E-02
  0.10159000    
  9.74399969E-02
  9.52999964E-02
  9.98900011E-02
  9.27200019E-02
  9.94099975E-02
  9.65299979E-02
  9.67399999E-02
  9.05999988E-02
  9.24500003E-02
  9.68199968E-02
  9.39100012E-02
  9.56000015E-02
  9.44999978E-02
  9.84800011E-02
  9.49599966E-02
  9.89499986E-02
  9.98699963E-02
  9.01400000E-02
  9.85499993E-02
  9.90400016E-02
  8.81500021E-02
  9.93599966E-02
  9.58100036E-02
  9.55599993E-02
  0.10347000    
  9.65600014E-02
  9.56600010E-02
  9.82500017E-02
  9.15500000E-02
  9.03799981E-02
  9.72099975E-02
  9.92600024E-02
  9.67300013E-02
  9.36499983E-02
  9.56299976E-02
  9.88999978E-02
  9.88200009E-02
  9.81400013E-02
  9.64699984E-02
  9.92999971E-02
  9.84899998E-02
  9.53499973E-02
  9.39100012E-02
  9.89999995E-02
  9.29199979E-02
  0.10169000    
  9.82899964E-02
  9.96799991E-02
  9.89900008E-02
  9.65799987E-02
  9.30500031E-02
  9.87199992E-02
  9.89599973E-02
  9.29699987E-02
  9.92600024E-02
  0.10312000    
  9.59599987E-02
  9.65500027E-02
  9.19499993E-02
  9.45200026E-02
  9.45599973E-02
  5.84199987E-02
  9.82899964E-02
  9.86000001E-02
  9.81400013E-02
  9.72800031E-02
  9.91099998E-02
  9.53200012E-02
  9.29099992E-02
  9.58399996E-02
  8.72699991E-02
  9.29799974E-02
  8.55600014E-02
  9.13700014E-02
  9.91000012E-02
  9.30199996E-02
  9.76300016E-02
  0.10264000    
  0.10074000    
  9.75100026E-02
  9.97899994E-02
  0.10302000    
  9.24400017E-02
  9.52000022E-02
  9.95099992E-02
  8.96800011E-02
  9.46500003E-02
  8.97400007E-02
  0.10082000    
  9.64699984E-02
  9.60799977E-02
  9.58499983E-02
  9.20699984E-02
  9.27200019E-02
  9.13899988E-02
  9.48600024E-02
  9.61199999E-02
