  3.74200009E-02
  3.75499986E-02
  3.75999995E-02
  3.71499993E-02
  3.74299996E-02
  3.87200005E-02
  3.82900015E-02
  3.73199992E-02
  3.73799987E-02
  3.70699987E-02
  3.77199985E-02
  3.69100012E-02
  3.68500017E-02
  3.73799987E-02
  3.79800014E-02
  3.82900015E-02
  3.87500003E-02
  3.84400003E-02
  3.70800011E-02
  3.71400006E-02
  3.76400016E-02
  3.71900015E-02
  3.75000015E-02
  3.76899987E-02
  3.79000008E-02
  3.79399993E-02
  3.74099985E-02
  3.76500003E-02
  3.79300006E-02
  3.75799984E-02
  3.79800014E-02
  3.76700014E-02
  3.65400016E-02
  3.80199999E-02
  3.87100019E-02
  3.87299992E-02
  3.85700017E-02
  3.77300009E-02
  3.76800001E-02
  3.78400013E-02
  3.82400006E-02
  3.69599983E-02
  3.75900008E-02
  3.70300002E-02
  3.70800011E-02
  3.70899998E-02
  3.72500010E-02
  3.75699997E-02
  3.78599986E-02
  3.75799984E-02
  3.74800004E-02
  3.80700007E-02
  3.79600003E-02
  3.80599983E-02
  3.74399982E-02
  3.86999995E-02
  3.78899984E-02
  3.76599990E-02
  3.75199988E-02
  3.84199992E-02
  3.76599990E-02
  3.77099998E-02
  3.79699990E-02
  3.75300013E-02
  3.83599997E-02
  3.75999995E-02
  3.76599990E-02
  3.74800004E-02
  3.75499986E-02
  3.71900015E-02
  3.82199995E-02
  3.68300006E-02
  3.67899984E-02
  3.80700007E-02
  3.72099988E-02
  3.71199995E-02
  3.77300009E-02
  3.75699997E-02
  3.73600014E-02
  3.73900011E-02
  3.80100012E-02
  3.85500006E-02
  3.90600003E-02
  3.92300002E-02
  3.93100008E-02
  3.81899998E-02
  3.88199985E-02
  3.84199992E-02
  3.86600010E-02
  3.94399986E-02
  3.93799990E-02
  3.90000008E-02
  3.93499993E-02
  3.88999991E-02
  3.83599997E-02
  3.91799994E-02
  3.82799990E-02
  3.90600003E-02
  3.94800007E-02
  3.90600003E-02
