  6.76200017E-02
  6.98700026E-02
  6.63999990E-02
  6.78199977E-02
  6.73900023E-02
  6.54899999E-02
  6.80499971E-02
  6.85399994E-02
  7.01899976E-02
  6.60799965E-02
  6.71600029E-02
  6.81200027E-02
  9.55599993E-02
  6.81599975E-02
  6.91799968E-02
  6.71000034E-02
  6.49100021E-02
  6.62700012E-02
  6.32100031E-02
  6.77200034E-02
  6.48799986E-02
  6.70600012E-02
  6.49200007E-02
  6.69699982E-02
  6.56000003E-02
  6.48199990E-02
  6.60500005E-02
  6.66100010E-02
  6.66700006E-02
  6.66999966E-02
  6.74899966E-02
  6.74699992E-02
  6.58100024E-02
  6.76300004E-02
  6.62499964E-02
  6.51699975E-02
  6.64900020E-02
  6.56000003E-02
  6.56699985E-02
  6.64599985E-02
  6.68099970E-02
  6.52699992E-02
  6.62799999E-02
  6.83100000E-02
  6.40200004E-02
  6.46800026E-02
  6.19999990E-02
  6.55400008E-02
  6.76800013E-02
  6.46800026E-02
  6.49800003E-02
  6.41800016E-02
  6.59499988E-02
  6.71200007E-02
  6.70699999E-02
  6.71600029E-02
  6.68599978E-02
  6.62299991E-02
  6.42400011E-02
  6.44399971E-02
  6.63399994E-02
  6.67600036E-02
  6.53000027E-02
  6.70899972E-02
  6.64699972E-02
  6.57799989E-02
  6.68599978E-02
  6.25599995E-02
  7.09900036E-02
  6.64099976E-02
  6.80399984E-02
  6.84899986E-02
  6.89600036E-02
  6.64499998E-02
  6.65799975E-02
  6.55900016E-02
  6.54700026E-02
  6.84000030E-02
  6.62000030E-02
  6.52199984E-02
  6.59999996E-02
  6.63599968E-02
  6.57000020E-02
  6.72499985E-02
  6.78500012E-02
  6.56099990E-02
  6.77300021E-02
  6.27499968E-02
  6.24799989E-02
  6.40600026E-02
  6.36299998E-02
  6.55900016E-02
  6.43099993E-02
  6.52199984E-02
  6.49600029E-02
  6.31700009E-02
  6.49000034E-02
  6.34900033E-02
  6.44199997E-02
  6.38500005E-02
