  8.66300017E-02
  8.67900029E-02
  8.38999972E-02
  8.59699994E-02
  8.01699981E-02
  8.21800008E-02
  8.37799981E-02
  8.44900012E-02
  8.47299993E-02
  8.36500004E-02
  8.49599987E-02
  8.59600008E-02
  8.54799971E-02
  8.45099986E-02
  8.76400024E-02
  8.54199976E-02
  8.59699994E-02
  8.23699981E-02
  8.21399987E-02
  7.98000023E-02
  7.97299966E-02
  8.35700035E-02
  8.18300024E-02
  8.40200037E-02
  8.49300027E-02
  8.47200006E-02
  8.56499970E-02
  8.34999979E-02
  8.69899988E-02
  8.45799968E-02
  8.62699971E-02
  8.46799985E-02
  8.38999972E-02
  8.46299976E-02
  8.37199986E-02
  8.08100030E-02
  7.99200013E-02
  8.22499990E-02
  8.48200023E-02
  8.11799988E-02
  8.51100013E-02
  8.83900002E-02
  8.42899978E-02
  8.08700025E-02
  8.59699994E-02
  8.15899968E-02
  8.18200037E-02
  8.21399987E-02
  8.21499974E-02
  8.54599997E-02
  8.37699994E-02
  8.70300010E-02
  8.24299976E-02
  8.36599991E-02
  8.03999975E-02
  8.20999965E-02
  8.20399970E-02
  8.07899982E-02
  8.22999999E-02
  8.34399983E-02
  5.22000007E-02
  8.23799968E-02
  8.34100023E-02
  8.35300013E-02
  7.93400034E-02
  8.29999968E-02
  8.44800025E-02
  8.17399994E-02
  7.98199996E-02
  8.41199979E-02
  8.26900005E-02
  8.04800019E-02
  8.14500004E-02
  8.37199986E-02
  8.17200020E-02
  8.46399963E-02
  8.35499987E-02
  8.39399993E-02
  8.55100006E-02
  8.43899995E-02
  8.65200013E-02
  8.28099996E-02
  8.62099975E-02
  8.66300017E-02
  8.73000026E-02
  8.22499990E-02
  8.59799981E-02
  8.68100002E-02
  8.49500000E-02
  8.46299976E-02
  8.82999972E-02
  8.60700011E-02
  8.71300027E-02
  8.59400034E-02
  8.23099986E-02
  8.24699998E-02
  8.03700015E-02
  8.01599994E-02
  7.81200007E-02
  8.45300034E-02
