  3.76800001E-02
  3.80299985E-02
  3.75300013E-02
  3.75000015E-02
  3.80499996E-02
  3.82199995E-02
  3.76500003E-02
  3.77300009E-02
  3.78299989E-02
  3.78299989E-02
  3.83800007E-02
  3.68600003E-02
  3.70699987E-02
  3.72000001E-02
  3.67899984E-02
  3.67700011E-02
  3.63700017E-02
  3.68300006E-02
  3.69700007E-02
  3.68800014E-02
  3.74099985E-02
  3.73900011E-02
  3.69400010E-02
  3.70500013E-02
  3.67799997E-02
  3.70000005E-02
  3.75199988E-02
  3.73700000E-02
  3.69900018E-02
  3.72699983E-02
  3.75600010E-02
  3.75399999E-02
  3.69599983E-02
  3.79900001E-02
  3.72800007E-02
  3.70300002E-02
  3.77399996E-02
  3.73100005E-02
  3.68500017E-02
  3.66399996E-02
  3.65400016E-02
  3.71600017E-02
  3.77300009E-02
  3.68900001E-02
  3.95499989E-02
  3.78299989E-02
  3.69599983E-02
  3.65899988E-02
  3.67700011E-02
  3.63899991E-02
  3.67500000E-02
  3.70399989E-02
  3.68300006E-02
  3.70200016E-02
  3.68099995E-02
  3.65800001E-02
  3.64600010E-02
  3.71700004E-02
  3.68800014E-02
  3.68199982E-02
  3.64799984E-02
  3.68500017E-02
  3.65500003E-02
  3.64100002E-02
  3.68600003E-02
  3.70300002E-02
  3.73199992E-02
  3.69900018E-02
  3.66000012E-02
  3.66499983E-02
  3.68500017E-02
  3.63399982E-02
  3.68800014E-02
  3.63299996E-02
  3.65800001E-02
  3.68600003E-02
  3.62700000E-02
  3.63700017E-02
  3.61800008E-02
  3.67200002E-02
  3.66199985E-02
  3.70999984E-02
  3.62100005E-02
  3.69100012E-02
  3.67400013E-02
  3.63700017E-02
  3.64499986E-02
  3.70899998E-02
  3.66499983E-02
  3.62700000E-02
  3.66099998E-02
  3.69799994E-02
  3.64399999E-02
  3.66499983E-02
  3.62199992E-02
  3.65899988E-02
  3.69900018E-02
  3.68800014E-02
  3.61699983E-02
  3.64600010E-02
