  5.22999987E-02
  4.91899997E-02
  5.10899983E-02
  5.36300018E-02
  5.06800003E-02
  5.00300005E-02
  4.79499996E-02
  4.72700000E-02
  4.91000004E-02
  4.87699993E-02
  4.83000018E-02
  5.59899993E-02
  5.60600013E-02
  6.07200004E-02
  5.13599999E-02
  4.96600010E-02
  5.47100008E-02
  5.05300015E-02
  5.22099994E-02
  4.86200005E-02
  4.81799990E-02
  4.85199988E-02
  4.87300009E-02
  4.87499982E-02
  4.95599993E-02
  4.83999997E-02
  4.91200015E-02
  4.92600016E-02
  4.72100005E-02
  4.74999994E-02
  4.69899997E-02
  4.79100011E-02
  4.77299988E-02
  4.74999994E-02
  4.68199998E-02
  4.77700010E-02
  4.83100004E-02
  4.78699990E-02
  4.77599986E-02
  4.75200005E-02
  4.74399999E-02
  4.78800014E-02
  4.69000004E-02
  4.87999991E-02
  4.80899997E-02
  4.87499982E-02
  4.75599989E-02
  4.73399982E-02
  4.82800007E-02
  4.78699990E-02
  4.85600010E-02
  4.81299981E-02
  4.82699983E-02
  4.73599993E-02
  4.83900011E-02
  4.93899994E-02
  4.80099991E-02
  4.76699993E-02
  4.85100001E-02
  5.04000001E-02
  4.96100001E-02
  4.92100008E-02
  4.79400009E-02
  4.71800007E-02
  4.78999987E-02
  5.04599996E-02
  4.88299988E-02
  4.72499989E-02
  4.80200015E-02
  4.80899997E-02
  4.80800010E-02
  5.35899997E-02
  4.95500006E-02
  5.66000007E-02
  6.17499985E-02
  6.48899972E-02
  5.37399985E-02
  5.09000011E-02
  4.99400012E-02
  4.81299981E-02
  4.81400006E-02
  4.80200015E-02
  4.72000018E-02
  4.76699993E-02
  4.72100005E-02
  4.70700003E-02
  4.71000001E-02
  4.69000004E-02
  4.63100001E-02
  4.67800014E-02
  4.63699996E-02
  4.68199998E-02
  4.77400012E-02
  4.69999984E-02
  4.67800014E-02
  4.64599989E-02
  4.67300005E-02
  4.60500009E-02
  4.67000008E-02
  4.60399985E-02
