  4.46199998E-02
  4.21300009E-02
  4.06900011E-02
  4.08799984E-02
  4.02400009E-02
  4.16599996E-02
  4.14200015E-02
  4.14800011E-02
  4.16000001E-02
  5.05499989E-02
  4.95800003E-02
  4.12900001E-02
  4.04400006E-02
  4.20500003E-02
  4.09299992E-02
  4.13900018E-02
  4.98199984E-02
  4.05099988E-02
  4.10199985E-02
  4.27899994E-02
  4.05000001E-02
  4.11499999E-02
  4.74300012E-02
  4.12199982E-02
  4.80399989E-02
  4.14000005E-02
  4.09800000E-02
  4.19900008E-02
  4.13799994E-02
  5.30500002E-02
  5.08500002E-02
  4.14099991E-02
  4.16299999E-02
  4.09100018E-02
  4.09599990E-02
  4.10900004E-02
  4.10099998E-02
  4.23099995E-02
  4.26400006E-02
  4.20400016E-02
  4.11799997E-02
  4.17400002E-02
  4.13499996E-02
  4.06100005E-02
  4.16800007E-02
  4.14399989E-02
  4.11400013E-02
  4.17900011E-02
  4.13199998E-02
  4.02400009E-02
  4.14000005E-02
  4.23800014E-02
  4.04799990E-02
  4.01399992E-02
  4.05500010E-02
  3.99699993E-02
  4.05399986E-02
  4.20599990E-02
  4.08399999E-02
  4.01000008E-02
  4.09500003E-02
  4.10099998E-02
  4.14500013E-02
  4.67900001E-02
  4.05699983E-02
  4.08699997E-02
  4.23800014E-02
  4.00899984E-02
  4.42299992E-02
  4.26100008E-02
  4.20700014E-02
  4.01699990E-02
  4.17700000E-02
  4.01500016E-02
  4.08499986E-02
  4.10399996E-02
  4.18599993E-02
  4.15499993E-02
  4.00500000E-02
  4.21800017E-02
  4.06700000E-02
  4.10999991E-02
  4.24400009E-02
  4.04400006E-02
  4.25500013E-02
  4.13599983E-02
  4.17900011E-02
  4.31599990E-02
  4.17300016E-02
  4.14099991E-02
  5.07600009E-02
  4.96300012E-02
  4.69699986E-02
  4.91899997E-02
  5.17299995E-02
  4.97299992E-02
  4.91099991E-02
  5.15599996E-02
  3.99199985E-02
  4.06600013E-02
