  5.04599996E-02
  5.09499982E-02
  4.91300002E-02
  5.26299998E-02
  5.18399999E-02
  5.18100001E-02
  5.44600002E-02
  5.92800006E-02
  5.97600006E-02
  5.88300005E-02
  5.59899993E-02
  5.82799986E-02
  6.11199997E-02
  5.94299994E-02
  6.11400008E-02
  6.01300001E-02
  5.75999990E-02
  5.22099994E-02
  5.06700017E-02
  5.03700003E-02
  5.02000004E-02
  5.49900010E-02
  5.96799999E-02
  5.80400005E-02
  5.66600002E-02
  5.70000000E-02
  5.78199998E-02
  5.86099997E-02
  6.21300004E-02
  6.00100011E-02
  6.16099983E-02
  6.23999983E-02
  6.37300014E-02
  6.30299971E-02
  5.90000004E-02
  6.35600016E-02
  7.99200013E-02
  8.22499990E-02
  8.48200023E-02
  8.11799988E-02
  7.07599968E-02
  5.80199994E-02
  5.43400012E-02
  5.31499982E-02
  5.20600006E-02
  5.14700003E-02
  5.14900014E-02
  5.19599989E-02
  5.37699983E-02
  5.17800003E-02
  5.18699996E-02
  5.19200005E-02
  5.17599992E-02
  5.38100004E-02
  5.63899986E-02
  5.68000004E-02
  5.48500009E-02
  5.50299995E-02
  5.22900000E-02
  5.32700010E-02
  5.22000007E-02
  5.18300012E-02
  5.16900010E-02
  5.33699989E-02
  5.33000007E-02
  5.48000000E-02
  5.48500009E-02
  5.49199991E-02
  5.38300015E-02
  5.18900007E-02
  5.16499989E-02
  5.11200018E-02
  5.27100004E-02
  5.24999984E-02
  5.29300012E-02
  5.32100014E-02
  5.18000014E-02
  5.22600003E-02
  5.27799986E-02
  5.32499999E-02
  5.42000011E-02
  5.36100008E-02
  5.48699982E-02
  5.63400015E-02
  5.83400019E-02
  5.77900000E-02
  5.70299998E-02
  5.78199998E-02
  5.84499985E-02
  5.74500002E-02
  5.98499998E-02
  6.17000014E-02
  6.99499995E-02
  5.88900000E-02
  5.68800010E-02
  5.55800013E-02
  5.44000007E-02
  5.48899993E-02
  5.77399991E-02
  7.87300020E-02
