  3.70500013E-02
  3.69100012E-02
  3.69400010E-02
  3.72399986E-02
  3.63500006E-02
  3.73199992E-02
  3.67299989E-02
  3.64300013E-02
  3.69299985E-02
  3.71900015E-02
  3.67899984E-02
  3.66000012E-02
  3.62900011E-02
  3.67599986E-02
  3.64600010E-02
  3.64699997E-02
  3.68300006E-02
  3.64999995E-02
  3.65500003E-02
  3.64499986E-02
  3.60499993E-02
  3.62900011E-02
  3.73600014E-02
  3.74099985E-02
  3.73400003E-02
  3.70899998E-02
  3.68000008E-02
  3.69900018E-02
  3.69700007E-02
  3.62300016E-02
  3.75799984E-02
  3.66399996E-02
  3.66499983E-02
  3.68099995E-02
  3.86900008E-02
  3.97600010E-02
  3.89200002E-02
  3.84700000E-02
  3.97000015E-02
  3.87899987E-02
  3.91199999E-02
  3.90099995E-02
  3.86100002E-02
  3.96099985E-02
  3.97699997E-02
  3.93700004E-02
  3.83599997E-02
  3.87299992E-02
  3.78899984E-02
  3.79600003E-02
  3.81699987E-02
  3.81699987E-02
  3.82600017E-02
  3.79800014E-02
  3.79600003E-02
  3.88099998E-02
  3.82600017E-02
  3.90399992E-02
  3.93799990E-02
  3.93700004E-02
  3.82700004E-02
  3.79600003E-02
  3.72200012E-02
  3.78899984E-02
  3.90900001E-02
  4.06900011E-02
  4.08000015E-02
  4.07399982E-02
  3.96099985E-02
  4.01999988E-02
  4.08100002E-02
  3.98700014E-02
  3.86199988E-02
  3.92200015E-02
  3.85899991E-02
  3.96800004E-02
  3.94399986E-02
  4.04900014E-02
  3.99499983E-02
  4.02799994E-02
  4.01999988E-02
  4.02199998E-02
  3.95600013E-02
  3.98700014E-02
  4.00400013E-02
  3.97300012E-02
  3.99300009E-02
  3.93100008E-02
  4.15400006E-02
  3.97999994E-02
  3.92399989E-02
  3.94599997E-02
  3.96500006E-02
  3.93100008E-02
  3.92600000E-02
  3.93700004E-02
  3.87800001E-02
  3.84600013E-02
  3.83000001E-02
  3.81899998E-02
