  6.90499991E-02
  6.78900033E-02
  6.89499974E-02
  6.96699992E-02
  7.05299973E-02
  6.84700012E-02
  7.16100037E-02
  7.10500032E-02
  7.29100034E-02
  7.05899969E-02
  7.06700012E-02
  7.14600012E-02
  7.13799968E-02
  7.08499998E-02
  7.00400025E-02
  7.02000037E-02
  7.18899965E-02
  7.24999979E-02
  7.12099969E-02
  7.08400011E-02
  7.07200021E-02
  7.31199980E-02
  7.12400004E-02
  7.05400035E-02
  7.05899969E-02
  7.07800016E-02
  7.33499974E-02
  7.33300000E-02
  7.24899992E-02
  7.52699971E-02
  7.33999982E-02
  7.62099996E-02
  7.51700029E-02
  7.33499974E-02
  7.49199986E-02
  7.63500035E-02
  7.27000013E-02
  7.56999999E-02
  7.43699968E-02
  7.44699985E-02
  7.53099993E-02
  7.49000013E-02
  7.52400011E-02
  7.31099993E-02
  7.82399997E-02
  7.48300031E-02
  7.43499994E-02
  7.58199990E-02
  7.74900019E-02
  7.59000033E-02
  7.66900033E-02
  7.57099986E-02
  7.51300007E-02
  7.41999969E-02
  7.35799968E-02
  7.24299997E-02
  7.14000016E-02
  7.06399977E-02
  7.65300021E-02
  7.14500025E-02
  7.27299973E-02
  7.33899996E-02
  7.44400024E-02
  7.31900036E-02
  7.54500031E-02
  7.51800016E-02
  7.21499994E-02
  7.64599964E-02
  7.36299977E-02
  7.66500011E-02
  7.32999966E-02
  7.50799999E-02
  7.47800022E-02
  7.38900006E-02
  7.35199973E-02
  7.14899972E-02
  7.38200024E-02
  7.58100003E-02
  7.40799978E-02
  7.42999986E-02
  7.08099976E-02
  7.51100034E-02
  7.15800002E-02
  7.26099983E-02
  7.18500018E-02
  7.09099993E-02
  7.36899972E-02
  7.33899996E-02
  7.10500032E-02
  7.40000010E-02
  7.44500011E-02
  7.42800012E-02
  7.32100010E-02
  7.36399963E-02
  7.31900036E-02
  7.32299984E-02
  7.38999993E-02
  7.31600001E-02
  7.15899989E-02
  7.09600002E-02
