  0.12571000    
  0.12826000    
  0.11881000    
  0.12011000    
  0.11893000    
  0.11903000    
  0.12667000    
  0.12724000    
  0.12682000    
  0.12605999    
  0.12456000    
  0.12661999    
  0.13225000    
  0.12842000    
  0.13000000    
  0.12913001    
  0.13200000    
  5.53000011E-02
  0.12738000    
  0.12639000    
  5.36700003E-02
  0.13285001    
  0.13233000    
  0.13293000    
  0.13289000    
  0.13455001    
  0.13248000    
  0.13201000    
  0.13045000    
  0.13135000    
  0.13405000    
  0.13414000    
  0.13197000    
  0.13424000    
  0.13431001    
  0.13304999    
  0.13219000    
  0.13405000    
  0.12933999    
  0.12079000    
  5.23199998E-02
  0.12283000    
  0.12576000    
  0.12606999    
  0.12506001    
  0.12622000    
  0.12785000    
  0.12648000    
  0.12774999    
  0.12967999    
  0.13555001    
  0.13345000    
  0.13285001    
  0.13319001    
  0.13571000    
  0.13333000    
  0.13349999    
  0.13155000    
  0.13479000    
  0.13292000    
  0.13370000    
  0.13305999    
  0.13274001    
  0.13530999    
  0.13477001    
  0.12812001    
  0.13038000    
  0.13104001    
  0.13189000    
  0.12967999    
  0.13011000    
  0.13152000    
  0.12723000    
  0.13021000    
  0.12910999    
  0.12675001    
  0.12962000    
  0.12738000    
  0.12842999    
  0.13145000    
  0.12916000    
  0.13383999    
  0.12947001    
  0.13118000    
  0.13032000    
  0.12737000    
  0.13063000    
  0.13152000    
  0.13080999    
  0.13391000    
  0.13059001    
  0.12561999    
  0.12640999    
  0.12824000    
  0.13180999    
  0.13313000    
  0.13113999    
  0.12758000    
  0.12935001    
  0.10800000    
