  9.65399966E-02
  7.68999979E-02
  9.40499976E-02
  7.80600011E-02
  9.59500000E-02
  8.33399966E-02
  7.52300024E-02
  9.36900005E-02
  9.21199992E-02
  9.38899964E-02
  7.62799978E-02
  8.26999992E-02
  7.79699981E-02
  9.53899994E-02
  0.10166000    
  8.98099989E-02
  8.02699998E-02
  9.72400010E-02
  0.10130000    
  9.48799998E-02
  6.11799993E-02
  9.63499993E-02
  8.94099995E-02
  9.48600024E-02
  9.49300006E-02
  9.77400020E-02
  9.76400003E-02
  9.33500007E-02
  9.35700014E-02
  9.36800018E-02
  9.24900025E-02
  9.65000018E-02
  9.31600034E-02
  9.38699991E-02
  9.51000005E-02
  9.35499966E-02
  9.29199979E-02
  7.77300000E-02
  9.48500037E-02
  8.28699991E-02
  9.36999992E-02
  9.57999974E-02
  9.97399986E-02
  9.61600021E-02
  8.06699991E-02
  8.69499967E-02
  0.10182000    
  9.91799980E-02
  0.10011000    
  0.10549000    
  9.31499973E-02
  9.84100029E-02
  0.10280000    
  9.62100029E-02
  0.10061000    
  0.10149000    
  9.94099975E-02
  0.10004000    
  9.77099985E-02
  9.59300026E-02
  9.72900018E-02
  9.46099982E-02
  9.49499980E-02
  9.40899998E-02
  9.62599963E-02
  9.54800025E-02
  9.68599990E-02
  9.45499986E-02
  9.31100026E-02
  9.07099992E-02
  9.89599973E-02
  9.98400003E-02
  0.10000000    
  7.75799975E-02
  8.02399963E-02
  9.46400017E-02
  9.50300023E-02
  0.10123000    
  0.10172000    
  9.42599997E-02
  9.54699963E-02
  9.91199985E-02
  9.08100009E-02
  7.85899982E-02
  9.32800025E-02
  9.17999968E-02
  9.40399989E-02
  9.62599963E-02
  9.62800011E-02
  9.17999968E-02
  8.98500010E-02
  9.78199989E-02
  8.50899965E-02
  9.86900032E-02
  8.04100037E-02
  9.84700024E-02
  9.78299975E-02
  8.07299986E-02
  9.64500010E-02
  9.79299992E-02
