  6.18700013E-02
  6.58299997E-02
  5.86499982E-02
  6.12300001E-02
  6.24700002E-02
  5.95699996E-02
  7.52300024E-02
  5.74899986E-02
  7.47800022E-02
  5.86099997E-02
  7.62799978E-02
  6.15600012E-02
  7.79699981E-02
  5.79899997E-02
  6.05299994E-02
  6.06199987E-02
  6.68499991E-02
  5.79099990E-02
  6.44399971E-02
  6.00900017E-02
  6.11799993E-02
  5.64999990E-02
  5.92899993E-02
  6.44299984E-02
  5.82300015E-02
  5.88000007E-02
  5.50500005E-02
  5.28299995E-02
  5.11200018E-02
  5.23100011E-02
  5.26299998E-02
  5.13399988E-02
  5.05000018E-02
  5.02699986E-02
  4.96600010E-02
  4.82099988E-02
  5.00900000E-02
  7.77300000E-02
  5.57599999E-02
  8.28699991E-02
  5.53800017E-02
  5.26399985E-02
  5.21400012E-02
  5.22099994E-02
  5.80700003E-02
  6.35399967E-02
  5.55300005E-02
  5.55900000E-02
  5.52800000E-02
  6.60500005E-02
  5.84600009E-02
  5.45100011E-02
  6.56000003E-02
  5.60000017E-02
  5.79300001E-02
  5.57000004E-02
  5.36100008E-02
  5.26599996E-02
  5.19500002E-02
  5.20900004E-02
  5.20900004E-02
  5.04699983E-02
  5.24699986E-02
  5.23199998E-02
  5.20699993E-02
  5.11300005E-02
  5.09399995E-02
  5.47199994E-02
  5.05400002E-02
  5.63700013E-02
  5.15800007E-02
  5.06299995E-02
  4.88499999E-02
  5.53399995E-02
  7.47800022E-02
  5.83099984E-02
  5.79500012E-02
  5.59099987E-02
  5.30899987E-02
  5.44399992E-02
  5.33600003E-02
  5.23599982E-02
  5.03100008E-02
  5.58700003E-02
  5.65499999E-02
  5.00200018E-02
  4.89500016E-02
  5.04599996E-02
  4.87999991E-02
  5.26599996E-02
  5.13500012E-02
  5.79099990E-02
  6.60599992E-02
  6.69900030E-02
  8.04100037E-02
  7.51999989E-02
  6.53799996E-02
  6.28200024E-02
  6.03800006E-02
  6.17600009E-02
