  9.06499997E-02
  8.92200023E-02
  8.96700025E-02
  9.10599977E-02
  9.18300003E-02
  8.82700011E-02
  9.12000015E-02
  9.25299972E-02
  9.04600024E-02
  8.49300027E-02
  9.07900035E-02
  8.89799967E-02
  8.79499987E-02
  8.90199989E-02
  8.94400030E-02
  8.83700028E-02
  8.76300037E-02
  9.07699987E-02
  8.81600007E-02
  8.91499966E-02
  8.80699977E-02
  9.16299969E-02
  8.96399990E-02
  8.90299976E-02
  8.75499994E-02
  8.89699981E-02
  8.90000015E-02
  9.36900005E-02
  9.21100006E-02
  9.35800001E-02
  9.66399983E-02
  9.82699990E-02
  9.78400037E-02
  9.91099998E-02
  9.97800007E-02
  9.70500037E-02
  9.65799987E-02
  9.71399993E-02
  0.10102000    
  9.34500024E-02
  9.66100022E-02
  9.40999985E-02
  9.18899998E-02
  9.44800004E-02
  9.57600027E-02
  9.41599980E-02
  9.07099992E-02
  9.05300006E-02
  9.04100016E-02
  9.14100036E-02
  8.93199965E-02
  9.07500014E-02
  9.42500010E-02
  8.40599984E-02
  8.98500010E-02
  8.92499983E-02
  8.95500034E-02
  8.81699994E-02
  8.56600031E-02
  8.98199975E-02
  8.78499970E-02
  8.63099992E-02
  9.01200026E-02
  8.92300010E-02
  8.95399973E-02
  8.90199989E-02
  8.54300037E-02
  8.70599970E-02
  8.79900008E-02
  8.65700021E-02
  8.63000005E-02
  8.63199979E-02
  8.72699991E-02
  8.34600031E-02
  8.68399963E-02
  8.72299969E-02
  8.59699994E-02
  8.50600004E-02
  8.65499973E-02
  8.69299993E-02
  8.61399993E-02
  8.67199972E-02
  8.76000002E-02
  8.76400024E-02
  9.22100022E-02
  8.78899992E-02
  9.19900015E-02
  8.94000009E-02
  9.08000022E-02
  9.16699991E-02
  9.28300023E-02
  9.21700001E-02
  9.34699997E-02
  9.25799981E-02
  9.52299982E-02
  9.48500037E-02
  9.61700007E-02
  9.47899967E-02
  9.56699997E-02
  9.24099982E-02
