  8.37000012E-02
  8.13599974E-02
  7.62199983E-02
  6.73300028E-02
  6.19600005E-02
  5.99300005E-02
  6.06300011E-02
  6.36399984E-02
  6.38599992E-02
  6.76899999E-02
  6.44999966E-02
  6.58600032E-02
  6.49399981E-02
  6.24600016E-02
  6.31000027E-02
  6.24499992E-02
  6.07400015E-02
  6.80000037E-02
  6.06300011E-02
  5.67100011E-02
  5.38400002E-02
  5.21499999E-02
  5.13800010E-02
  5.09399995E-02
  4.97200005E-02
  4.86899987E-02
  4.79499996E-02
  4.74600010E-02
  4.82099988E-02
  4.81700003E-02
  5.22000007E-02
  5.44000007E-02
  5.40000014E-02
  5.34900017E-02
  5.31300008E-02
  5.23700006E-02
  5.25499992E-02
  5.03400005E-02
  5.07100001E-02
  4.94999997E-02
  4.95099984E-02
  4.86299992E-02
  5.00399992E-02
  4.94100004E-02
  4.80999984E-02
  4.71599996E-02
  4.77400012E-02
  4.81900014E-02
  4.85399999E-02
  4.96100001E-02
  4.98199984E-02
  5.09600006E-02
  5.18499985E-02
  4.99599986E-02
  4.83000018E-02
  5.29399998E-02
  5.46599999E-02
  5.23400009E-02
  5.10799997E-02
  4.97100018E-02
  4.95800003E-02
  5.07600009E-02
  5.45199998E-02
  5.49400002E-02
  5.43599986E-02
  4.84399982E-02
  5.05700000E-02
  5.02500013E-02
  4.91999984E-02
  4.78500016E-02
  4.96499985E-02
  5.35999984E-02
  6.06799982E-02
  6.94300011E-02
  6.30799979E-02
  6.13900013E-02
  6.29900023E-02
  6.00599982E-02
  6.26600012E-02
  5.81200011E-02
  5.78100011E-02
  4.96600010E-02
  4.92900014E-02
  4.93099988E-02
  5.04699983E-02
  5.01400009E-02
  4.87900004E-02
  5.00699989E-02
  4.86899987E-02
  4.91699986E-02
  5.03400005E-02
  5.00000007E-02
  4.93699983E-02
  4.87600006E-02
  4.92299981E-02
  4.85900007E-02
  4.73800004E-02
  4.77299988E-02
  4.90599982E-02
  4.98199984E-02
