  5.23199998E-02
  5.06899990E-02
  5.31300008E-02
  5.38499989E-02
  5.37200011E-02
  5.22699989E-02
  5.17599992E-02
  5.27400002E-02
  5.42300008E-02
  5.50800003E-02
  5.53900003E-02
  5.45900017E-02
  5.33399992E-02
  5.42499982E-02
  5.40499985E-02
  5.44999987E-02
  5.46300001E-02
  5.53199984E-02
  5.47300018E-02
  5.55300005E-02
  5.53000011E-02
  5.48099987E-02
  5.40999994E-02
  5.36700003E-02
  5.36300018E-02
  5.44500016E-02
  5.48800007E-02
  5.59099987E-02
  5.56599982E-02
  5.57200015E-02
  5.51300012E-02
  5.47700003E-02
  5.44600002E-02
  5.47400005E-02
  5.56499995E-02
  5.55000007E-02
  5.56100011E-02
  5.56400008E-02
  5.45499995E-02
  5.45299985E-02
  5.43899983E-02
  5.40999994E-02
  5.36700003E-02
  5.23199998E-02
  5.40100001E-02
  5.53600006E-02
  5.49199991E-02
  5.33099994E-02
  5.36499992E-02
  5.36700003E-02
  5.45700006E-02
  5.43899983E-02
  5.52500002E-02
  5.59800006E-02
  5.49699999E-02
  5.49699999E-02
  5.47300018E-02
  5.42300008E-02
  5.48200011E-02
  5.46599999E-02
  5.53300008E-02
  5.66300005E-02
  5.69499992E-02
  5.61099984E-02
  5.48699982E-02
  5.55600002E-02
  5.41500002E-02
  5.51499985E-02
  5.57200015E-02
  5.55800013E-02
  5.58900014E-02
  5.64000010E-02
  5.57599999E-02
  5.52500002E-02
  5.47600016E-02
  5.55500016E-02
  5.54200001E-02
  5.60900010E-02
  5.53000011E-02
  5.58900014E-02
  5.52899987E-02
  5.53300008E-02
  5.55600002E-02
  5.50500005E-02
  5.50099984E-02
  5.47199994E-02
  5.55500016E-02
  5.57200015E-02
  5.61099984E-02
  5.63500002E-02
  5.63500002E-02
  5.54700010E-02
  5.44800013E-02
  5.47300018E-02
  5.46300001E-02
  5.59699982E-02
  5.57399988E-02
  5.55699989E-02
  5.50099984E-02
  5.52299991E-02
