  4.89600003E-02
  4.81700003E-02
  5.52700013E-02
  4.79900017E-02
  4.83499989E-02
  4.88200001E-02
  5.61700016E-02
  4.93200012E-02
  5.71499988E-02
  4.98699993E-02
  5.07799983E-02
  5.07699996E-02
  4.93599996E-02
  5.81399985E-02
  4.90400009E-02
  4.82899994E-02
  5.09900004E-02
  4.84800003E-02
  5.09399995E-02
  5.75199984E-02
  4.86599989E-02
  5.11900000E-02
  5.13899997E-02
  5.00600003E-02
  4.84599993E-02
  4.82699983E-02
  4.88299988E-02
  4.85799983E-02
  5.05999997E-02
  4.93699983E-02
  4.88499999E-02
  5.05900010E-02
  4.84099984E-02
  4.95599993E-02
  5.67499995E-02
  4.77200001E-02
  4.87499982E-02
  4.85999994E-02
  4.96100001E-02
  5.18100001E-02
  5.91400005E-02
  5.24000004E-02
  5.02099991E-02
  5.14300019E-02
  4.96900007E-02
  4.89800014E-02
  4.99599986E-02
  5.00900000E-02
  5.08700013E-02
  5.09800017E-02
  4.94100004E-02
  4.77899984E-02
  5.07499985E-02
  5.99800013E-02
  5.15699983E-02
  5.34499995E-02
  5.37899993E-02
  5.25400005E-02
  5.19299991E-02
  5.15000001E-02
  5.05199991E-02
  5.13300002E-02
  5.02599999E-02
  5.01700006E-02
  5.21200001E-02
  5.20999990E-02
  5.05400002E-02
  5.24800010E-02
  5.08400016E-02
  5.05700000E-02
  4.96699996E-02
  4.80899997E-02
  4.95899990E-02
  4.93899994E-02
  5.37200011E-02
  4.86599989E-02
  5.01299985E-02
  5.32799996E-02
  5.38199991E-02
  5.12499996E-02
  5.28800003E-02
  5.87599985E-02
  5.18100001E-02
  5.38999997E-02
  4.99299988E-02
  5.74800000E-02
  4.99599986E-02
  4.99299988E-02
  4.88100015E-02
  4.88200001E-02
  5.21400012E-02
  4.64700013E-02
  4.76300009E-02
  5.49100004E-02
  4.83100004E-02
  4.97200005E-02
  4.91999984E-02
  5.10100015E-02
  5.19500002E-02
  4.65600006E-02
