  9.07699987E-02
  6.38500005E-02
  6.19900003E-02
  6.31700009E-02
  6.15799986E-02
  6.21800013E-02
  6.27899989E-02
  6.10399991E-02
  6.30199984E-02
  6.22900017E-02
  6.55699968E-02
  6.28900006E-02
  6.21200018E-02
  6.06399998E-02
  6.08600006E-02
  6.14399984E-02
  6.30000010E-02
  6.34799972E-02
  6.46599978E-02
  6.57399967E-02
  6.59499988E-02
  6.50499985E-02
  6.25000000E-02
  6.51900023E-02
  6.41300008E-02
  6.62200004E-02
  6.36600032E-02
  6.54300004E-02
  6.50599971E-02
  6.51400015E-02
  6.44999966E-02
  6.49899989E-02
  6.17499985E-02
  6.42199963E-02
  6.49000034E-02
  6.48699999E-02
  6.27499968E-02
  6.57100007E-02
  6.34000003E-02
  6.31399974E-02
  6.35799989E-02
  6.12399988E-02
  6.29800037E-02
  6.54599965E-02
  6.50099963E-02
  6.38199970E-02
  6.30600005E-02
  6.72999993E-02
  6.40999973E-02
  6.53999969E-02
  6.43199980E-02
  6.48100004E-02
  6.36999980E-02
  6.31700009E-02
  6.67499974E-02
  6.15100004E-02
  6.38599992E-02
  6.34099990E-02
  8.72299969E-02
  6.48799986E-02
  8.50600004E-02
  6.40899986E-02
  6.27999976E-02
  6.20799996E-02
  6.35299981E-02
  6.18799999E-02
  5.97999990E-02
  6.14200011E-02
  6.37800023E-02
  6.32300004E-02
  6.11799993E-02
  6.02199994E-02
  5.92800006E-02
  5.89900017E-02
  6.09899983E-02
  6.17499985E-02
  6.03800006E-02
  6.11599982E-02
  6.06799982E-02
  6.25199974E-02
  6.14699982E-02
  6.26500025E-02
  6.00199997E-02
  6.60099983E-02
  6.34500012E-02
  6.30099997E-02
  6.31700009E-02
  6.45700023E-02
  6.59599975E-02
  6.56799972E-02
  6.48000017E-02
  6.52699992E-02
  6.67100027E-02
  6.53500035E-02
  6.91900030E-02
  6.53399974E-02
  6.48600012E-02
  8.68600011E-02
  8.51399973E-02
  8.70499983E-02
