  3.36100012E-02
  3.46199982E-02
  3.45899984E-02
  3.57999988E-02
  3.51000018E-02
  3.48800011E-02
  3.51499990E-02
  3.46099995E-02
  3.50500010E-02
  3.44600007E-02
  3.48200016E-02
  3.52500007E-02
  3.54500003E-02
  3.54700014E-02
  3.56100015E-02
  3.58299986E-02
  3.51199992E-02
  3.51999998E-02
  3.51999998E-02
  3.50899994E-02
  3.54200006E-02
  3.51999998E-02
  3.55800018E-02
  3.55900005E-02
  3.56700011E-02
  3.50800008E-02
  3.63299996E-02
  3.60499993E-02
  3.58799994E-02
  3.58799994E-02
  3.62700000E-02
  3.62799987E-02
  3.55900005E-02
  3.53600010E-02
  3.58900018E-02
  3.57500017E-02
  3.61800008E-02
  3.62499990E-02
  3.62499990E-02
  3.64600010E-02
  3.59099992E-02
  3.57199982E-02
  3.56700011E-02
  3.59000005E-02
  3.63299996E-02
  3.60400006E-02
  3.62100005E-02
  3.64699997E-02
  3.62700000E-02
  3.66199985E-02
  3.63800004E-02
  3.60700004E-02
  3.58400010E-02
  3.52299996E-02
  4.06300016E-02
  4.02599983E-02
  3.53699997E-02
  3.89400013E-02
  3.55900005E-02
  3.57800014E-02
  3.50399986E-02
  3.55399996E-02
  3.58900018E-02
  3.59099992E-02
  3.57399993E-02
  3.61800008E-02
  3.51700000E-02
  3.57500017E-02
  3.57600003E-02
  3.54299992E-02
  3.56500000E-02
  3.59999985E-02
  3.55300009E-02
  3.53799984E-02
  3.59300002E-02
  3.62999998E-02
  3.58100012E-02
  3.55399996E-02
  3.59699987E-02
  3.62700000E-02
  3.60199995E-02
  3.57500017E-02
  3.53000015E-02
  3.55300009E-02
  3.51499990E-02
  3.55000012E-02
  3.50699984E-02
  3.58599983E-02
  3.57699990E-02
  3.54099981E-02
  3.57900001E-02
  3.55399996E-02
  3.57999988E-02
  3.52599993E-02
  3.55900005E-02
  3.55900005E-02
  3.52700017E-02
  3.51999998E-02
  3.54700014E-02
  3.52200009E-02
