  6.39699996E-02
  6.42499998E-02
  6.61899969E-02
  6.49899989E-02
  6.43299967E-02
  6.41999990E-02
  6.47699982E-02
  6.80000037E-02
  6.45300001E-02
  6.71899989E-02
  6.48799986E-02
  6.32800013E-02
  6.18799999E-02
  6.47500008E-02
  6.39500022E-02
  6.54999986E-02
  6.32399991E-02
  6.28099963E-02
  6.58800006E-02
  6.56099990E-02
  6.50900006E-02
  6.71700016E-02
  6.65000007E-02
  6.55400008E-02
  6.86400011E-02
  6.58100024E-02
  6.88399971E-02
  6.68400005E-02
  6.45600036E-02
  6.58899993E-02
  6.63499981E-02
  6.70299977E-02
  6.81499988E-02
  6.70500025E-02
  6.49999976E-02
  6.72800019E-02
  7.10799992E-02
  6.87600002E-02
  6.65799975E-02
  6.61600009E-02
  6.74899966E-02
  6.94300011E-02
  6.81999996E-02
  6.80399984E-02
  6.80600032E-02
  6.94800019E-02
  7.19299987E-02
  6.86699972E-02
  3.78899984E-02
  6.78500012E-02
  6.87299967E-02
  6.71100020E-02
  6.62600026E-02
  6.93600029E-02
  6.75999969E-02
  6.79799989E-02
  6.94100037E-02
  7.22799972E-02
  6.89200014E-02
  7.12400004E-02
  6.68599978E-02
  6.57000020E-02
  6.71999976E-02
  6.60300031E-02
  7.03999996E-02
  6.75200000E-02
  6.77900016E-02
  7.18500018E-02
  6.88299984E-02
  6.87799975E-02
  6.99300021E-02
  6.91400021E-02
  6.95800036E-02
  6.97600022E-02
  6.88299984E-02
  6.82500005E-02
  6.87699988E-02
  7.06200004E-02
  6.90900013E-02
  7.19299987E-02
  7.14799985E-02
  6.90200031E-02
  7.03999996E-02
  7.10000023E-02
  4.00400013E-02
  6.88100010E-02
  6.82500005E-02
  6.81599975E-02
  6.96099997E-02
  6.93700016E-02
  7.22699985E-02
  7.06100017E-02
  7.00500011E-02
  6.94200024E-02
  6.91099986E-02
  7.24700019E-02
  6.97399974E-02
  7.00900033E-02
  6.92299977E-02
  6.66799992E-02
