  8.72299969E-02
  8.37799981E-02
  8.34700018E-02
  8.14099982E-02
  7.89500028E-02
  7.91700035E-02
  8.37000012E-02
  8.13599974E-02
  8.34700018E-02
  8.38600025E-02
  8.40300024E-02
  8.63199979E-02
  8.09499994E-02
  8.77899975E-02
  8.24600011E-02
  8.31400007E-02
  8.20299983E-02
  8.24600011E-02
  8.39800015E-02
  8.61300007E-02
  8.50099996E-02
  8.88400003E-02
  8.61800015E-02
  8.72299969E-02
  8.82100016E-02
  8.65399987E-02
  8.33799988E-02
  8.37500021E-02
  8.04700032E-02
  8.03299993E-02
  8.21399987E-02
  8.12700018E-02
  7.97699988E-02
  8.08700025E-02
  7.89299980E-02
  8.09099972E-02
  8.19500014E-02
  8.03800002E-02
  8.27900022E-02
  8.16600025E-02
  8.05900022E-02
  8.11899975E-02
  8.20799991E-02
  8.00300017E-02
  8.24799985E-02
  7.85700008E-02
  8.16700011E-02
  8.11600015E-02
  7.97900036E-02
  7.89500028E-02
  7.99600035E-02
  7.93500021E-02
  8.09200034E-02
  8.10900033E-02
  8.22200030E-02
  8.22499990E-02
  8.33399966E-02
  8.56399983E-02
  8.40099975E-02
  8.45699981E-02
  8.21399987E-02
  8.29200000E-02
  8.46600011E-02
  8.26300010E-02
  7.78999999E-02
  7.88900033E-02
  7.93600008E-02
  7.91599974E-02
  8.35499987E-02
  8.20500031E-02
  8.59000012E-02
  8.28899965E-02
  8.22599977E-02
  8.00800025E-02
  7.98700005E-02
  7.82100037E-02
  7.72799999E-02
  7.88299963E-02
  8.02899972E-02
  8.38299990E-02
  8.22599977E-02
  8.44900012E-02
  8.52300003E-02
  8.39700028E-02
  8.51399973E-02
  8.56700018E-02
  8.58099982E-02
  8.48499984E-02
  8.42199996E-02
  8.43899995E-02
  8.30700025E-02
  8.28400031E-02
  8.18599984E-02
  8.38399976E-02
  8.45199972E-02
  8.27900022E-02
  8.34600031E-02
  8.25000033E-02
  8.09800029E-02
  8.41199979E-02
