  4.16800007E-02
  4.89999987E-02
  4.06499989E-02
  4.07399982E-02
  4.67900001E-02
  4.39999998E-02
  4.04700004E-02
  4.74199988E-02
  4.81299981E-02
  4.89600003E-02
  4.81700003E-02
  4.76499982E-02
  4.07299995E-02
  4.17999998E-02
  3.97499986E-02
  4.36000004E-02
  4.11599986E-02
  4.19699997E-02
  4.98699993E-02
  5.07799983E-02
  5.07699996E-02
  4.07399982E-02
  4.06700000E-02
  4.03200015E-02
  4.04900014E-02
  4.01900001E-02
  4.11100015E-02
  5.09399995E-02
  4.08499986E-02
  4.02100012E-02
  4.20599990E-02
  4.21399996E-02
  4.21399996E-02
  4.84599993E-02
  4.82699983E-02
  4.14500013E-02
  4.85799983E-02
  4.04299982E-02
  4.11899984E-02
  4.08600010E-02
  4.14999984E-02
  4.11299989E-02
  4.21600007E-02
  4.29099984E-02
  3.99900004E-02
  4.05399986E-02
  4.10300009E-02
  4.01399992E-02
  4.55299988E-02
  4.33499999E-02
  4.23199981E-02
  4.41499986E-02
  4.23900001E-02
  4.15199995E-02
  4.89800014E-02
  4.20200005E-02
  5.00900000E-02
  4.17499989E-02
  4.39799987E-02
  4.36399989E-02
  4.12699990E-02
  4.19199988E-02
  4.24900018E-02
  4.08499986E-02
  4.25899997E-02
  4.22799997E-02
  5.25400005E-02
  4.31100018E-02
  5.15000001E-02
  4.19999994E-02
  5.13300002E-02
  5.02599999E-02
  5.01700006E-02
  4.22299989E-02
  4.32199985E-02
  4.23500016E-02
  5.24800010E-02
  4.27200012E-02
  4.20700014E-02
  4.96699996E-02
  4.80899997E-02
  4.95899990E-02
  4.93899994E-02
  5.37200011E-02
  4.86599989E-02
  4.23300005E-02
  4.61900011E-02
  4.10499983E-02
  4.16399986E-02
  4.27099988E-02
  4.07700017E-02
  4.35400009E-02
  4.91300002E-02
  4.11400013E-02
  4.05000001E-02
  4.10199985E-02
  4.16899994E-02
  4.01500016E-02
  4.88200001E-02
  4.09899987E-02
