  0.12096000    
  0.11283000    
  0.12235000    
  0.12660000    
  0.12745000    
  0.12407000    
  0.12444000    
  0.12373000    
  0.12256000    
  0.12898999    
  0.12940000    
  0.12685999    
  0.12606999    
  0.12723000    
  0.12894000    
  0.12817000    
  0.13096000    
  0.12714000    
  0.13042000    
  0.12894000    
  0.12977999    
  0.12864999    
  0.12998000    
  0.12867001    
  0.12906000    
  0.12932000    
  0.13051000    
  0.13050000    
  0.12913001    
  0.12784000    
  0.12728000    
  0.13021000    
  0.13042000    
  0.12952000    
  0.13082001    
  0.13259999    
  0.13014001    
  0.12564000    
  0.12884000    
  0.12953000    
  0.12933999    
  0.12716000    
  0.13067999    
  0.13061000    
  0.12922999    
  0.12778001    
  0.12625000    
  0.12872000    
  0.12972000    
  0.12898000    
  0.13122000    
  0.12986000    
  0.13057999    
  0.13023999    
  0.12901001    
  0.12946001    
  0.13152000    
  0.13153000    
  0.13302000    
  0.13142000    
  0.12848000    
  0.12922999    
  0.13006000    
  0.13031000    
  0.13118000    
  0.12783000    
  0.12796000    
  0.13037001    
  0.13232000    
  0.12996000    
  0.12667000    
  0.12758000    
  0.12785000    
  0.12461000    
  0.12905000    
  0.13111000    
  0.13186000    
  0.12743001    
  0.12867001    
  0.12853000    
  5.35999984E-02
  0.12805000    
  0.13225000    
  0.13161001    
  0.13162000    
  0.12955999    
  0.12518001    
  0.12751000    
  0.12885000    
  0.13078000    
  0.12948000    
  0.13098000    
  0.13056000    
  0.12696999    
  0.12818000    
  0.12815000    
  0.12890001    
  0.13077000    
  0.12976000    
  0.13143000    
