  7.00799972E-02
  7.09299967E-02
  6.91500008E-02
  6.98700026E-02
  7.12599978E-02
  7.52699971E-02
  7.33399987E-02
  3.52899991E-02
  7.29499981E-02
  7.32799992E-02
  7.46100023E-02
  7.39099979E-02
  7.27299973E-02
  7.33100027E-02
  7.40600005E-02
  7.30699971E-02
  7.28000030E-02
  7.27400035E-02
  7.29599968E-02
  7.25400001E-02
  7.18099996E-02
  7.14000016E-02
  7.09500015E-02
  6.92399964E-02
  7.14500025E-02
  7.07200021E-02
  7.20599964E-02
  7.10799992E-02
  7.22400025E-02
  7.21400008E-02
  7.01000020E-02
  7.41500035E-02
  7.40199983E-02
  7.32000023E-02
  7.22000003E-02
  7.23299980E-02
  7.46000037E-02
  7.24899992E-02
  7.00299963E-02
  7.11899996E-02
  7.07100034E-02
  7.13000000E-02
  7.31500015E-02
  7.50700012E-02
  7.22400025E-02
  7.31699988E-02
  7.37600029E-02
  7.17500001E-02
  7.00000003E-02
  6.93200007E-02
  7.12599978E-02
  7.37600029E-02
  7.37999976E-02
  7.47900009E-02
  7.63399974E-02
  7.67199993E-02
  7.64599964E-02
  7.50799999E-02
  7.45299980E-02
  7.93099999E-02
  7.52099976E-02
  7.76299983E-02
  7.98999965E-02
  7.29499981E-02
  7.79199973E-02
  7.71799982E-02
  7.60800019E-02
  3.73400003E-02
  7.64399990E-02
  7.77200013E-02
  7.93500021E-02
  7.75600001E-02
  7.94999972E-02
  8.19199979E-02
  7.68299997E-02
  8.02699998E-02
  7.72299990E-02
  3.73700000E-02
  8.23199973E-02
  8.00800025E-02
  7.65400007E-02
  7.93500021E-02
  7.58000016E-02
  7.78300017E-02
  7.59499967E-02
  8.07799995E-02
  8.30800012E-02
  7.88599998E-02
  8.24299976E-02
  7.64599964E-02
  7.90200010E-02
  7.76999965E-02
  8.12800005E-02
  7.93899968E-02
  8.15299973E-02
  8.06199983E-02
  8.20299983E-02
  8.48999992E-02
  8.21600035E-02
  7.96200037E-02
