  3.72099988E-02
  3.74700017E-02
  3.80499996E-02
  3.85200009E-02
  3.91100012E-02
  3.91400009E-02
  3.84000018E-02
  3.86499986E-02
  3.86600010E-02
  3.95300016E-02
  4.06199992E-02
  3.98200005E-02
  3.81699987E-02
  3.81000005E-02
  4.08399999E-02
  4.17999998E-02
  4.17600013E-02
  4.02599983E-02
  4.11200002E-02
  4.10300009E-02
  4.13499996E-02
  3.97600010E-02
  3.90399992E-02
  4.14200015E-02
  4.06499989E-02
  4.05899994E-02
  4.05699983E-02
  3.84400003E-02
  3.96200009E-02
  4.10800017E-02
  4.19199988E-02
  4.19900008E-02
  4.16800007E-02
  3.98500003E-02
  4.12999988E-02
  4.08100002E-02
  4.06300016E-02
  3.89700010E-02
  3.94299999E-02
  3.88999991E-02
  3.90900001E-02
  3.84799987E-02
  4.04400006E-02
  4.06799987E-02
  4.01900001E-02
  3.98200005E-02
  3.91299985E-02
  3.98299992E-02
  4.10800017E-02
  4.13499996E-02
  4.06000018E-02
  3.95999998E-02
  3.89500000E-02
  3.89599986E-02
  3.83599997E-02
  3.90600003E-02
  4.19900008E-02
  4.21300009E-02
  4.17700000E-02
  4.24799994E-02
  4.29700017E-02
  4.12399992E-02
  3.99099998E-02
  3.84300016E-02
  3.93600017E-02
  3.96500006E-02
  4.09100018E-02
  4.37799990E-02
  4.06700000E-02
  4.05000001E-02
  4.14300002E-02
  4.17000018E-02
  4.10600007E-02
  4.10600007E-02
  3.99800017E-02
  4.41699997E-02
  4.26600017E-02
  4.15400006E-02
  4.10900004E-02
  4.02799994E-02
  3.96800004E-02
  3.86799984E-02
  4.22899984E-02
  4.10999991E-02
  4.12800014E-02
  3.98200005E-02
  4.01099995E-02
  3.98400016E-02
  4.01300006E-02
  4.00100015E-02
  4.03099991E-02
  4.12800014E-02
  4.00100015E-02
  4.06600013E-02
  3.98599990E-02
  3.97799984E-02
  3.86300012E-02
  3.80299985E-02
  3.87200005E-02
  3.84100005E-02
