  8.34499970E-02
  8.33600014E-02
  8.06299970E-02
  7.98199996E-02
  9.08000022E-02
  8.79400000E-02
  8.61900002E-02
  5.46699986E-02
  8.12899992E-02
  8.40800032E-02
  8.09200034E-02
  8.30800012E-02
  8.40800032E-02
  8.45699981E-02
  8.39900002E-02
  8.47899988E-02
  8.39200020E-02
  8.50400031E-02
  8.42100009E-02
  8.74700025E-02
  8.64700004E-02
  8.55299979E-02
  8.58900025E-02
  8.42399970E-02
  8.37299973E-02
  8.48200023E-02
  8.41699988E-02
  8.41000006E-02
  8.50000009E-02
  8.48399997E-02
  8.69499967E-02
  8.73899981E-02
  8.66699964E-02
  8.39800015E-02
  8.55799988E-02
  8.56399983E-02
  8.19000006E-02
  8.02399963E-02
  8.26200023E-02
  8.32099989E-02
  8.36199969E-02
  8.33299980E-02
  8.47000033E-02
  8.18099976E-02
  8.17700028E-02
  8.23300034E-02
  8.09300020E-02
  8.34299996E-02
  8.59199986E-02
  8.35599974E-02
  8.73600021E-02
  8.88599977E-02
  8.82799998E-02
  8.83800015E-02
  9.05300006E-02
  8.93800035E-02
  8.91399980E-02
  8.91299993E-02
  9.13000032E-02
  8.85600001E-02
  8.99600014E-02
  9.34000015E-02
  9.18300003E-02
  8.89699981E-02
  9.20400023E-02
  9.12199989E-02
  9.05300006E-02
  8.90799984E-02
  8.88400003E-02
  8.77100006E-02
  8.83300006E-02
  8.91899988E-02
  8.10900033E-02
  8.32400024E-02
  7.99800009E-02
  7.91800022E-02
  8.16399977E-02
  8.97400007E-02
  9.03000012E-02
  8.77700001E-02
  9.04200003E-02
  8.90100002E-02
  8.89400020E-02
  8.61200020E-02
  8.23099986E-02
  8.41099992E-02
  8.25200006E-02
  8.07700008E-02
  8.11000019E-02
  8.25200006E-02
  8.56899992E-02
  8.43700022E-02
  8.64700004E-02
  8.34800005E-02
  8.57700035E-02
  8.62900019E-02
  8.29799995E-02
  8.39800015E-02
  8.73600021E-02
  8.29500034E-02
