  3.62600014E-02
  3.59800011E-02
  3.58299986E-02
  3.57000008E-02
  3.60499993E-02
  3.54400016E-02
  3.52899991E-02
  3.52800004E-02
  3.59800011E-02
  3.54899988E-02
  3.54599990E-02
  3.55999991E-02
  3.52500007E-02
  3.55199985E-02
  3.57000008E-02
  3.55800018E-02
  3.58199999E-02
  3.57600003E-02
  3.55600007E-02
  3.56400013E-02
  3.53000015E-02
  3.55399996E-02
  3.76700014E-02
  3.53100002E-02
  3.50599997E-02
  3.55000012E-02
  3.57500017E-02
  3.52299996E-02
  3.57600003E-02
  3.53699997E-02
  3.57600003E-02
  3.59399989E-02
  3.57800014E-02
  3.49199995E-02
  3.55499983E-02
  3.52899991E-02
  3.57900001E-02
  3.55800018E-02
  3.54099981E-02
  3.51300016E-02
  3.62100005E-02
  3.57600003E-02
  3.61899994E-02
  3.59800011E-02
  3.59200016E-02
  3.57800014E-02
  3.55600007E-02
  3.58299986E-02
  3.50299999E-02
  3.60499993E-02
  3.62900011E-02
  3.59699987E-02
  3.69100012E-02
  3.66600007E-02
  3.66699994E-02
  3.70800011E-02
  3.70999984E-02
  3.66099998E-02
  3.70200016E-02
  3.69799994E-02
  3.64799984E-02
  3.71900015E-02
  3.71799991E-02
  3.75799984E-02
  3.74899991E-02
  3.73000018E-02
  3.73400003E-02
  3.67899984E-02
  3.69199999E-02
  3.79000008E-02
  3.80199999E-02
  3.80599983E-02
  3.82100008E-02
  3.75000015E-02
  3.83099988E-02
  3.73400003E-02
  3.73700000E-02
  3.78299989E-02
  3.78899984E-02
  3.76599990E-02
  3.82700004E-02
  3.72899994E-02
  3.79000008E-02
  3.75300013E-02
  3.82100008E-02
  3.81600000E-02
  3.85299996E-02
  3.88099998E-02
  3.77000012E-02
  3.82299982E-02
  3.81999984E-02
  3.82400006E-02
  3.76899987E-02
  3.86900008E-02
  3.78400013E-02
  3.84900011E-02
  3.96399982E-02
  3.83000001E-02
  3.81899998E-02
  3.83500010E-02
