  7.60499984E-02
  7.67899975E-02
  7.73800015E-02
  7.48599991E-02
  7.78800026E-02
  7.81600028E-02
  8.02500024E-02
  7.99200013E-02
  7.83800036E-02
  8.13300014E-02
  7.70799965E-02
  7.84400031E-02
  7.90999979E-02
  7.45899975E-02
  7.75799975E-02
  7.90700018E-02
  7.83699974E-02
  7.72799999E-02
  8.06600004E-02
  7.99899995E-02
  7.85500035E-02
  7.57099986E-02
  7.51499981E-02
  7.87800029E-02
  7.68700019E-02
  8.12700018E-02
  7.53500015E-02
  7.77499974E-02
  7.65400007E-02
  8.24199989E-02
  8.04900005E-02
  7.67899975E-02
  7.69099966E-02
  7.87900016E-02
  7.77399987E-02
  7.82599971E-02
  7.40799978E-02
  7.40299970E-02
  7.59100020E-02
  7.27899969E-02
  7.76100010E-02
  7.64100030E-02
  7.44099990E-02
  7.46100023E-02
  7.50299990E-02
  8.22800025E-02
  8.06899965E-02
  7.75799975E-02
  8.00499991E-02
  7.71699995E-02
  7.83699974E-02
  7.87800029E-02
  7.67399967E-02
  7.63999969E-02
  7.70400017E-02
  7.85700008E-02
  7.62500018E-02
  7.91900009E-02
  7.55399987E-02
  7.65099972E-02
  7.97400028E-02
  7.62899965E-02
  7.62699991E-02
  7.43699968E-02
  7.72399977E-02
  7.68399984E-02
  7.68899992E-02
  7.20399991E-02
  7.37999976E-02
  7.68600032E-02
  7.58299977E-02
  7.54899979E-02
  7.24100024E-02
  7.18500018E-02
  7.77200013E-02
  7.46700019E-02
  7.15600029E-02
  7.74800032E-02
  7.75000006E-02
  7.84600005E-02
  8.28199983E-02
  8.03399980E-02
  7.91700035E-02
  7.58100003E-02
  7.48799965E-02
  7.54199997E-02
  7.27500021E-02
  7.80000016E-02
  7.65499994E-02
  7.70199969E-02
  8.08499977E-02
  7.75699988E-02
  7.88099989E-02
  7.68399984E-02
  7.64200017E-02
  8.09400007E-02
  7.76199996E-02
  7.80500025E-02
  3.84000018E-02
  7.69200027E-02
