  8.64399970E-02
  6.30000010E-02
  6.10099994E-02
  6.20100014E-02
  6.10699989E-02
  6.11100011E-02
  6.28900006E-02
  6.17000014E-02
  6.30099997E-02
  6.21900000E-02
  6.11700006E-02
  6.26899973E-02
  6.08600006E-02
  6.29500002E-02
  6.15199991E-02
  6.15100004E-02
  6.10999987E-02
  6.36200011E-02
  6.60599992E-02
  6.70299977E-02
  6.72499985E-02
  6.50999993E-02
  6.31000027E-02
  6.51199967E-02
  6.31899983E-02
  6.64300025E-02
  8.67599994E-02
  6.72700033E-02
  6.53999969E-02
  6.58299997E-02
  6.54999986E-02
  6.47199973E-02
  8.63699988E-02
  6.35000020E-02
  6.29199967E-02
  6.22499995E-02
  6.46400005E-02
  6.37800023E-02
  6.44500032E-02
  6.27399981E-02
  6.21600002E-02
  6.48699999E-02
  6.49899989E-02
  6.42099977E-02
  8.56299996E-02
  6.32200018E-02
  8.60700011E-02
  6.52099997E-02
  6.40499964E-02
  6.57600015E-02
  6.43900037E-02
  6.49000034E-02
  6.33099973E-02
  6.49399981E-02
  6.51300028E-02
  6.45800009E-02
  6.51199967E-02
  6.43799976E-02
  8.44800025E-02
  6.69000000E-02
  6.46200031E-02
  6.26899973E-02
  6.54399991E-02
  6.29099980E-02
  6.18100017E-02
  6.36899993E-02
  5.82600012E-02
  6.37099966E-02
  6.15900010E-02
  6.00499995E-02
  8.74100029E-02
  6.32200018E-02
  6.13700002E-02
  8.70800018E-02
  6.45200014E-02
  6.46200031E-02
  6.54999986E-02
  6.47400022E-02
  8.34100023E-02
  6.38099983E-02
  6.46800026E-02
  8.49099979E-02
  6.50999993E-02
  6.32800013E-02
  8.05500001E-02
  6.15400001E-02
  8.22300017E-02
  6.37400001E-02
  8.31200033E-02
  8.14799964E-02
  6.12899996E-02
  6.04600012E-02
  6.20200001E-02
  6.22100011E-02
  6.40100017E-02
  6.30699992E-02
  8.45599994E-02
  6.31899983E-02
  6.28800020E-02
  6.35100007E-02
