  9.37300026E-02
  9.89200026E-02
  0.10307000    
  8.71199965E-02
  0.10152000    
  9.62899998E-02
  8.44200030E-02
  9.57200006E-02
  9.85599980E-02
  9.98200029E-02
  7.75900036E-02
  9.76099968E-02
  9.64699984E-02
  6.65099993E-02
  9.75399986E-02
  9.72900018E-02
  9.98800024E-02
  9.67399999E-02
  9.57399979E-02
  8.99100006E-02
  9.53899994E-02
  9.76300016E-02
  9.36800018E-02
  9.70000029E-02
  9.55900028E-02
  9.62700024E-02
  9.24599990E-02
  8.97800028E-02
  7.38100037E-02
  9.80399996E-02
  9.63699967E-02
  9.62599963E-02
  9.38799977E-02
  9.33500007E-02
  9.71999988E-02
  9.62300003E-02
  9.71800014E-02
  9.31499973E-02
  9.87899974E-02
  9.26299989E-02
  9.57600027E-02
  9.52500030E-02
  9.14700031E-02
  9.17500034E-02
  9.41900015E-02
  9.37900022E-02
  9.57399979E-02
  9.15900022E-02
  9.37500000E-02
  8.98199975E-02
  9.18100029E-02
  9.27900001E-02
  9.51400027E-02
  9.43899974E-02
  9.14200023E-02
  9.25799981E-02
  9.81300026E-02
  8.50400031E-02
  8.93300027E-02
  9.22700018E-02
  9.36100036E-02
  9.30999964E-02
  9.20400023E-02
  9.68699977E-02
  9.64300036E-02
  9.27200019E-02
  9.39899981E-02
  9.36700031E-02
  9.37900022E-02
  8.99600014E-02
  9.35100019E-02
  9.08999965E-02
  9.27599967E-02
  9.45999995E-02
  9.50599983E-02
  9.42099988E-02
  9.57000032E-02
  9.59800035E-02
  9.54300016E-02
  9.08899978E-02
  9.47899967E-02
  9.70200002E-02
  9.43399966E-02
  8.89199972E-02
  8.25000033E-02
  9.58399996E-02
  9.45200026E-02
  9.41800028E-02
  9.57100019E-02
  9.63599980E-02
  9.26600024E-02
  9.56400037E-02
  9.34500024E-02
  9.08500031E-02
  9.48399976E-02
  9.74000022E-02
  9.60000008E-02
  9.65700001E-02
  9.64300036E-02
  9.55199972E-02
