  6.38599992E-02
  6.53299987E-02
  6.62499964E-02
  6.06499985E-02
  6.12599999E-02
  7.46899992E-02
  7.82200024E-02
  6.41900003E-02
  7.14500025E-02
  8.45799968E-02
  6.88399971E-02
  7.41399974E-02
  6.33599982E-02
  5.82300015E-02
  6.15600012E-02
  6.63499981E-02
  6.10399991E-02
  7.75900036E-02
  6.38799965E-02
  6.34799972E-02
  6.65099993E-02
  5.90099990E-02
  6.65699989E-02
  6.01099990E-02
  5.82100004E-02
  5.57899997E-02
  5.25700003E-02
  5.59500009E-02
  5.47300018E-02
  5.17899990E-02
  5.40100001E-02
  5.18399999E-02
  5.16100004E-02
  5.01400009E-02
  6.00700006E-02
  6.21099994E-02
  5.29300012E-02
  5.11200018E-02
  5.08800000E-02
  5.07499985E-02
  5.26699983E-02
  5.23499995E-02
  4.98099998E-02
  4.96499985E-02
  4.91300002E-02
  5.02399988E-02
  4.89699990E-02
  4.86400016E-02
  4.87000011E-02
  4.87199984E-02
  4.87999991E-02
  4.90299985E-02
  4.93200012E-02
  4.83499989E-02
  4.87000011E-02
  4.87399995E-02
  4.92600016E-02
  4.85900007E-02
  5.00900000E-02
  5.01199998E-02
  4.92900014E-02
  4.96999994E-02
  4.97200005E-02
  4.99400012E-02
  5.21299988E-02
  5.11699989E-02
  4.91500013E-02
  4.94900011E-02
  4.85799983E-02
  4.90799993E-02
  4.89900000E-02
  4.95099984E-02
  4.83000018E-02
  4.83300015E-02
  4.90299985E-02
  4.78999987E-02
  4.79799993E-02
  4.90400009E-02
  4.85399999E-02
  4.83199991E-02
  4.84800003E-02
  4.87900004E-02
  4.83199991E-02
  4.84299995E-02
  4.86599989E-02
  4.82800007E-02
  4.76800017E-02
  4.87000011E-02
  4.81900014E-02
  4.73899990E-02
  5.11300005E-02
  5.23400009E-02
  5.10400012E-02
  5.01499996E-02
  4.88100015E-02
  4.97899987E-02
  4.92600016E-02
  4.85799983E-02
  4.85199988E-02
  4.93599996E-02
