  5.53900003E-02
  5.14199995E-02
  5.51499985E-02
  5.66200018E-02
  5.63400015E-02
  5.47199994E-02
  5.40999994E-02
  5.38799986E-02
  5.40300012E-02
  5.44399992E-02
  5.54700010E-02
  5.54499999E-02
  5.55900000E-02
  5.55000007E-02
  5.48800007E-02
  5.46300001E-02
  5.42699993E-02
  5.48200011E-02
  5.56499995E-02
  5.56700006E-02
  5.56199998E-02
  5.48599996E-02
  5.44900000E-02
  5.39299995E-02
  5.53600006E-02
  5.51600009E-02
  5.56799993E-02
  5.55600002E-02
  5.45400009E-02
  5.44999987E-02
  5.39299995E-02
  5.42499982E-02
  5.49300015E-02
  5.52800000E-02
  5.53499982E-02
  5.51999994E-02
  5.57800010E-02
  5.48200011E-02
  5.38600013E-02
  5.36799990E-02
  5.48699982E-02
  5.47700003E-02
  5.53600006E-02
  5.55500016E-02
  5.43899983E-02
  5.38900010E-02
  5.34199998E-02
  5.29900007E-02
  5.33900000E-02
  5.42399995E-02
  5.45199998E-02
  5.43599986E-02
  5.46599999E-02
  5.42199984E-02
  5.41599989E-02
  5.36300018E-02
  5.33999987E-02
  5.45599982E-02
  5.51100001E-02
  5.43499999E-02
  5.48099987E-02
  5.45900017E-02
  5.44999987E-02
  5.35300002E-02
  5.38999997E-02
  5.39200008E-02
  5.42900003E-02
  5.40999994E-02
  5.50099984E-02
  5.44500016E-02
  5.30800000E-02
  5.34799993E-02
  5.35099991E-02
  5.43200001E-02
  5.50399981E-02
  5.43499999E-02
  5.43700010E-02
  5.37399985E-02
  5.30599989E-02
  5.35200015E-02
  5.35999984E-02
  5.37000000E-02
  5.42099997E-02
  5.43100014E-02
  5.41899987E-02
  5.37299998E-02
  5.36100008E-02
  5.35500012E-02
  5.37299998E-02
  5.40000014E-02
  5.38300015E-02
  5.35599999E-02
  5.36900014E-02
  5.33600003E-02
  5.34599982E-02
  5.28800003E-02
  5.36199994E-02
  5.37000000E-02
  5.40900007E-02
  5.38699999E-02
