  4.83100004E-02
  4.97200005E-02
  4.91999984E-02
  5.10100015E-02
  5.19500002E-02
  4.65600006E-02
  4.94400002E-02
  4.85600010E-02
  5.11900000E-02
  5.02999984E-02
  5.65599985E-02
  5.19200005E-02
  4.78000008E-02
  4.96699996E-02
  5.08599989E-02
  5.44399992E-02
  5.24000004E-02
  5.03100008E-02
  5.15200011E-02
  5.08800000E-02
  5.40499985E-02
  5.22800013E-02
  5.23100011E-02
  5.27000017E-02
  5.09000011E-02
  5.20600006E-02
  5.54599985E-02
  4.70400006E-02
  5.04800007E-02
  4.96100001E-02
  4.98300008E-02
  5.02699986E-02
  5.07699996E-02
  5.34199998E-02
  4.89900000E-02
  4.97200005E-02
  5.07300012E-02
  5.15500009E-02
  5.08700013E-02
  5.36499992E-02
  5.29399998E-02
  5.93300015E-02
  5.06899990E-02
  5.09600006E-02
  4.10000011E-02
  5.45700006E-02
  5.25400005E-02
  5.26399985E-02
  5.86399995E-02
  4.98800017E-02
  4.86800000E-02
  4.94199991E-02
  4.80500013E-02
  4.81799990E-02
  5.75699992E-02
  4.79700007E-02
  5.06399982E-02
  4.82800007E-02
  5.12499996E-02
  5.97499982E-02
  5.02000004E-02
  5.20800017E-02
  4.90400009E-02
  5.40300012E-02
  6.12000003E-02
  5.32299988E-02
  5.97499982E-02
  5.28299995E-02
  5.29100001E-02
  5.24699986E-02
  5.86699992E-02
  5.24500012E-02
  5.18799983E-02
  5.04599996E-02
  5.83899990E-02
  5.13399988E-02
  5.13399988E-02
  5.11200018E-02
  5.42499982E-02
  5.77999987E-02
  5.25700003E-02
  5.16900010E-02
  5.10499999E-02
  5.27700000E-02
  5.96299991E-02
  5.24899997E-02
  6.03200011E-02
  4.96900007E-02
  5.02500013E-02
  4.81600016E-02
  5.58100007E-02
  4.85199988E-02
  4.81900014E-02
  5.15500009E-02
  5.29900007E-02
  4.84599993E-02
  4.91300002E-02
  4.47000004E-02
  5.28099984E-02
  4.79299985E-02
