  4.20100018E-02
  4.01300006E-02
  4.09400016E-02
  4.00799997E-02
  4.17499989E-02
  4.00899984E-02
  4.01199982E-02
  4.94400002E-02
  3.97499986E-02
  4.19600010E-02
  3.98500003E-02
  3.95300016E-02
  3.93199995E-02
  4.17499989E-02
  4.07800004E-02
  3.98200005E-02
  4.13499996E-02
  4.10800017E-02
  4.12000008E-02
  4.04499993E-02
  4.25999984E-02
  4.10499983E-02
  4.14899997E-02
  4.12800014E-02
  4.07800004E-02
  4.17999998E-02
  4.07899991E-02
  4.12600003E-02
  4.70400006E-02
  4.19100001E-02
  4.25500013E-02
  4.12600003E-02
  4.10300009E-02
  3.97600010E-02
  4.18700017E-02
  4.89900000E-02
  4.30100001E-02
  5.07300012E-02
  4.16200012E-02
  4.03200015E-02
  4.07200009E-02
  4.10199985E-02
  3.99099998E-02
  4.10099998E-02
  4.21800017E-02
  4.10000011E-02
  4.17300016E-02
  4.10900004E-02
  4.18800004E-02
  4.03500013E-02
  4.12999988E-02
  4.43699993E-02
  4.29700017E-02
  4.80500013E-02
  4.00899984E-02
  4.04100008E-02
  4.12099995E-02
  5.06399982E-02
  4.04100008E-02
  4.22400013E-02
  4.40700017E-02
  4.32000011E-02
  4.41399999E-02
  4.90400009E-02
  4.54900004E-02
  4.06100005E-02
  4.13199998E-02
  4.11700010E-02
  4.08499986E-02
  4.04400006E-02
  4.03899997E-02
  4.07200009E-02
  4.10600007E-02
  4.17700000E-02
  4.13199998E-02
  4.27399985E-02
  4.29399982E-02
  4.14600000E-02
  4.11499999E-02
  4.01900001E-02
  4.74900007E-02
  4.30300012E-02
  4.54800017E-02
  4.10000011E-02
  4.14000005E-02
  4.16099988E-02
  4.13700007E-02
  4.17000018E-02
  4.11400013E-02
  4.30900007E-02
  4.05200012E-02
  3.98599990E-02
  4.12399992E-02
  4.12600003E-02
  4.25899997E-02
  4.25899997E-02
  4.09200005E-02
  4.91300002E-02
  4.47000004E-02
  4.36099991E-02
