  9.48500037E-02
  9.61700007E-02
  9.47899967E-02
  9.56699997E-02
  9.24099982E-02
  9.44200009E-02
  9.31200013E-02
  9.10900012E-02
  9.39000025E-02
  9.07000005E-02
  9.38600004E-02
  8.77899975E-02
  9.12699997E-02
  8.62900019E-02
  9.15800035E-02
  8.59099999E-02
  9.03400034E-02
  8.86700004E-02
  8.72699991E-02
  8.68600011E-02
  8.51399973E-02
  8.70499983E-02
  8.66499990E-02
  8.72699991E-02
  8.97900015E-02
  8.65800008E-02
  8.88800025E-02
  8.96700025E-02
  9.16099995E-02
  8.88999999E-02
  8.64399970E-02
  8.97300020E-02
  9.01400000E-02
  8.61999989E-02
  8.97499993E-02
  9.17100012E-02
  8.59500021E-02
  8.99000019E-02
  8.97200033E-02
  9.12899971E-02
  9.40399989E-02
  9.32599977E-02
  9.24500003E-02
  9.07799974E-02
  9.19499993E-02
  9.36499983E-02
  9.09700021E-02
  9.30299982E-02
  9.77599993E-02
  9.58900005E-02
  9.64199975E-02
  9.67800021E-02
  9.62300003E-02
  9.63800028E-02
  9.53600034E-02
  9.83700007E-02
  8.67599994E-02
  9.43600014E-02
  9.64300036E-02
  9.29900035E-02
  9.00899991E-02
  9.05300006E-02
  8.63699988E-02
  8.72099996E-02
  8.74300003E-02
  8.62699971E-02
  8.98199975E-02
  8.28799978E-02
  8.48499984E-02
  8.19099993E-02
  8.56899992E-02
  8.76400024E-02
  8.75699967E-02
  8.72500017E-02
  8.56299996E-02
  8.67199972E-02
  8.60700011E-02
  8.70900005E-02
  8.56800005E-02
  8.79700035E-02
  8.83700028E-02
  8.73399973E-02
  8.79800022E-02
  8.46699998E-02
  8.73299986E-02
  8.50600004E-02
  8.77000019E-02
  8.37899968E-02
  8.44800025E-02
  8.49800035E-02
  8.53599980E-02
  8.42299983E-02
  8.79400000E-02
  8.50000009E-02
  8.63400027E-02
  8.48300010E-02
  8.34299996E-02
  8.51700008E-02
  8.64399970E-02
  8.39499980E-02
