  6.55900016E-02
  5.70299998E-02
  5.22099994E-02
  5.17399982E-02
  5.34499995E-02
  6.47000000E-02
  7.37399980E-02
  8.33600014E-02
  8.06299970E-02
  7.98199996E-02
  6.17600009E-02
  6.08600006E-02
  5.89100011E-02
  5.46699986E-02
  5.38300015E-02
  5.14600016E-02
  5.18300012E-02
  5.13899997E-02
  5.07300012E-02
  5.03300019E-02
  4.88899983E-02
  4.92199995E-02
  4.97400016E-02
  4.94700000E-02
  4.92400005E-02
  5.05999997E-02
  4.95099984E-02
  5.01499996E-02
  5.03199995E-02
  5.03300019E-02
  5.11300005E-02
  5.35899997E-02
  5.67299984E-02
  5.52100018E-02
  5.60300015E-02
  5.45700006E-02
  5.60000017E-02
  5.60400002E-02
  5.70000000E-02
  5.43100014E-02
  5.48899993E-02
  5.78900017E-02
  5.64699993E-02
  5.46699986E-02
  5.84100001E-02
  5.99099994E-02
  5.68399988E-02
  5.24300002E-02
  5.00300005E-02
  4.83400002E-02
  4.86700013E-02
  4.77700010E-02
  4.80000004E-02
  5.40799983E-02
  5.46999983E-02
  5.59200011E-02
  5.50399981E-02
  5.12299985E-02
  5.43200001E-02
  6.00599982E-02
  6.50999993E-02
  5.87499999E-02
  5.99000007E-02
  6.12200014E-02
  6.15199991E-02
  6.26699999E-02
  6.43199980E-02
  6.93000033E-02
  6.95300028E-02
  6.97100013E-02
  7.29399994E-02
  5.28899990E-02
  5.16999997E-02
  5.11699989E-02
  5.07699996E-02
  5.21400012E-02
  5.15200011E-02
  5.44500016E-02
  8.10900033E-02
  8.32400024E-02
  7.99800009E-02
  7.91800022E-02
  8.16399977E-02
  7.73300007E-02
  7.73800015E-02
  7.68499970E-02
  7.42599964E-02
  6.90499991E-02
  6.05099984E-02
  5.48000000E-02
  5.00099994E-02
  4.89099994E-02
  4.77899984E-02
  4.68400009E-02
  4.65699993E-02
  4.58999984E-02
  4.71899994E-02
  4.90700006E-02
  5.02999984E-02
  4.96999994E-02
