  5.20000011E-02
  5.25300018E-02
  5.22699989E-02
  5.13500012E-02
  5.09999990E-02
  5.08899987E-02
  5.21299988E-02
  5.15599996E-02
  5.21700010E-02
  5.07699996E-02
  4.98300008E-02
  5.02999984E-02
  5.00300005E-02
  4.96300012E-02
  4.75200005E-02
  4.88400012E-02
  4.98000011E-02
  4.85100001E-02
  4.86800000E-02
  4.95899990E-02
  4.88299988E-02
  5.03499992E-02
  4.89000008E-02
  4.88799997E-02
  4.88299988E-02
  4.75400016E-02
  4.91500013E-02
  4.79799993E-02
  4.81600016E-02
  4.85999994E-02
  4.86400016E-02
  4.95399982E-02
  4.94900011E-02
  5.42399995E-02
  4.91599999E-02
  4.87800017E-02
  4.91000004E-02
  4.84099984E-02
  4.90100011E-02
  5.04200011E-02
  4.90599982E-02
  5.48699982E-02
  4.92700003E-02
  4.92700003E-02
  4.96499985E-02
  4.72100005E-02
  4.76399995E-02
  4.73599993E-02
  4.81100008E-02
  4.78300005E-02
  4.78800014E-02
  4.94600013E-02
  4.84800003E-02
  4.86299992E-02
  4.89300005E-02
  4.81100008E-02
  4.86899987E-02
  4.85300012E-02
  4.91699986E-02
  4.93399985E-02
  4.91800010E-02
  4.89999987E-02
  5.02500013E-02
  5.03300019E-02
  4.86400016E-02
  5.01900017E-02
  4.92299981E-02
  4.92400005E-02
  4.85000014E-02
  4.87999991E-02
  4.89099994E-02
  4.79100011E-02
  4.85900007E-02
  4.79199998E-02
  4.72799987E-02
  4.86400016E-02
  4.61100005E-02
  4.68900017E-02
  4.79299985E-02
  4.96799983E-02
  4.81499992E-02
  4.75200005E-02
  4.80999984E-02
  5.07699996E-02
  4.95599993E-02
  4.95200008E-02
  4.88899983E-02
  4.88200001E-02
  4.90900017E-02
  4.95899990E-02
  4.89699990E-02
  4.90400009E-02
  4.65499982E-02
  4.77799997E-02
  4.67000008E-02
  4.76000011E-02
  4.81900014E-02
  5.09800017E-02
  4.76099998E-02
  4.88799997E-02
