  4.93200012E-02
  4.95899990E-02
  4.76999991E-02
  4.79299985E-02
  5.39700016E-02
  5.30100018E-02
  4.76099998E-02
  4.79299985E-02
  4.69699986E-02
  4.63499986E-02
  5.10100015E-02
  4.96999994E-02
  5.33099994E-02
  4.86899987E-02
  4.73200008E-02
  4.87199984E-02
  4.84500006E-02
  4.92100008E-02
  4.89500016E-02
  4.73299995E-02
  4.75800000E-02
  4.63300012E-02
  4.54600006E-02
  4.63900007E-02
  4.75899987E-02
  5.16999997E-02
  4.93800007E-02
  4.80800010E-02
  5.29799983E-02
  5.16499989E-02
  4.96900007E-02
  4.77100015E-02
  4.67099994E-02
  4.95500006E-02
  4.79499996E-02
  4.77200001E-02
  4.96600010E-02
  5.03400005E-02
  5.22999987E-02
  4.99499999E-02
  4.80599999E-02
  4.67600003E-02
  5.18600009E-02
  4.92700003E-02
  4.99799997E-02
  4.96000014E-02
  5.24099991E-02
  5.79699986E-02
  4.74000014E-02
  5.16300015E-02
  4.71200012E-02
  5.41800000E-02
  4.94100004E-02
  4.95700017E-02
  4.94999997E-02
  5.04399985E-02
  4.84299995E-02
  4.97599989E-02
  4.82399985E-02
  4.85900007E-02
  4.80899997E-02
  4.75200005E-02
  4.64500003E-02
  4.87099998E-02
  4.73099984E-02
  4.83000018E-02
  4.59799990E-02
  4.63100001E-02
  4.94300015E-02
  4.72900011E-02
  4.77499999E-02
  4.70600016E-02
  4.86299992E-02
  4.86400016E-02
  5.31000011E-02
  4.73800004E-02
  4.83600013E-02
  5.17599992E-02
  5.21499999E-02
  4.74900007E-02
  4.64599989E-02
  5.44699989E-02
  4.57499996E-02
  4.70199995E-02
  5.31199984E-02
  4.77100015E-02
  4.77700010E-02
  4.76399995E-02
  4.72700000E-02
  4.60800007E-02
  4.64899987E-02
  4.88100015E-02
  5.32400012E-02
  5.22200018E-02
  5.18900007E-02
  4.96699996E-02
  4.76800017E-02
  4.94900011E-02
  4.87099998E-02
  4.91300002E-02
