  5.32100014E-02
  5.07499985E-02
  5.10100015E-02
  4.92700003E-02
  4.94400002E-02
  5.07799983E-02
  5.02699986E-02
  4.98399995E-02
  5.80600016E-02
  5.46899997E-02
  4.90499996E-02
  4.80500013E-02
  4.80599999E-02
  5.02099991E-02
  5.58199994E-02
  5.02399988E-02
  5.32799996E-02
  5.79200014E-02
  6.21300004E-02
  5.13599999E-02
  4.97100018E-02
  5.04099987E-02
  4.92799990E-02
  5.12700006E-02
  5.41700013E-02
  5.07300012E-02
  4.95899990E-02
  5.68099990E-02
  5.10499999E-02
  5.09999990E-02
  5.18000014E-02
  4.98800017E-02
  5.09199984E-02
  5.70699982E-02
  7.29399994E-02
  5.84000014E-02
  5.11999987E-02
  4.96900007E-02
  5.87899983E-02
  5.49499989E-02
  4.85600010E-02
  4.86599989E-02
  5.04899994E-02
  4.96000014E-02
  4.96000014E-02
  4.89000008E-02
  4.60699983E-02
  4.46199998E-02
  4.49899994E-02
  4.56099994E-02
  4.53599989E-02
  4.39799987E-02
  4.45500016E-02
  4.46400009E-02
  4.47600000E-02
  4.47699986E-02
  4.53700013E-02
  4.89099994E-02
  4.69699986E-02
  4.85600010E-02
  4.78699990E-02
  4.70299982E-02
  4.63499986E-02
  4.65000011E-02
  4.54999991E-02
  4.30900007E-02
  4.41999994E-02
  4.50799987E-02
  4.53200005E-02
  4.41199988E-02
  4.41600010E-02
  4.45800014E-02
  4.42299992E-02
  4.37499993E-02
  4.51099984E-02
  4.51099984E-02
  4.78500016E-02
  5.12900017E-02
  4.98300008E-02
  4.94600013E-02
  4.93399985E-02
  4.91999984E-02
  4.91200015E-02
  4.86100018E-02
  5.05600013E-02
  4.88400012E-02
  4.80500013E-02
  4.89000008E-02
  4.70400006E-02
  4.57900017E-02
  4.63499986E-02
  4.67200018E-02
  4.54300009E-02
  4.72499989E-02
  4.87499982E-02
  4.85799983E-02
  4.73099984E-02
  4.59900014E-02
  4.71899994E-02
  5.08899987E-02
