  4.75899987E-02
  4.81600016E-02
  4.55299988E-02
  4.43399996E-02
  4.78300005E-02
  4.59100008E-02
  4.28600013E-02
  4.48499992E-02
  4.64700013E-02
  4.74999994E-02
  4.35799994E-02
  4.53200005E-02
  4.64899987E-02
  4.39199992E-02
  4.30399999E-02
  4.49800007E-02
  4.82099988E-02
  4.38399985E-02
  4.46599983E-02
  4.61600013E-02
  4.46900018E-02
  4.23300005E-02
  4.54199985E-02
  4.44799997E-02
  4.22100015E-02
  4.45200019E-02
  4.47600000E-02
  4.21999991E-02
  4.48299982E-02
  4.46100011E-02
  4.27800007E-02
  4.26600017E-02
  4.45000008E-02
  4.33899984E-02
  4.26299982E-02
  4.52199988E-02
  4.43900004E-02
  4.16000001E-02
  4.38200012E-02
  4.34399992E-02
  4.23000008E-02
  4.28100005E-02
  4.37299982E-02
  4.26299982E-02
  4.30199988E-02
  4.43699993E-02
  4.28700000E-02
  4.23199981E-02
  4.33899984E-02
  4.37400006E-02
  4.27200012E-02
  4.24299985E-02
  4.34000008E-02
  4.34699990E-02
  4.15700004E-02
  4.37900014E-02
  4.40599993E-02
  4.28499989E-02
  4.26900014E-02
  4.42299992E-02
  4.32199985E-02
  4.23699990E-02
  4.54000011E-02
  4.39499989E-02
  4.17900011E-02
  4.28199992E-02
  4.40399982E-02
  4.27699983E-02
  4.20899987E-02
  4.43800017E-02
  4.41399999E-02
  4.15199995E-02
  4.39000018E-02
  4.34600003E-02
  4.20500003E-02
  4.29500006E-02
  4.43999991E-02
  4.32300009E-02
  4.22799997E-02
  4.51899990E-02
  4.50700000E-02
  4.23800014E-02
  4.32699993E-02
  4.40700017E-02
  4.25699987E-02
  4.32000011E-02
  4.52699997E-02
  4.52199988E-02
  4.28700000E-02
  4.43199985E-02
  4.43699993E-02
  4.31299992E-02
  4.38899994E-02
  4.46900018E-02
  4.22799997E-02
  4.37199995E-02
  4.44499999E-02
  4.34300005E-02
  4.28300016E-02
  4.49899994E-02
