  3.69700007E-02
  3.72899994E-02
  3.70899998E-02
  3.71799991E-02
  3.68900001E-02
  3.72800007E-02
  3.73100005E-02
  3.83599997E-02
  3.78400013E-02
  3.76700014E-02
  3.75300013E-02
  3.72399986E-02
  3.77699994E-02
  3.77099998E-02
  3.75799984E-02
  3.80100012E-02
  3.73000018E-02
  3.79300006E-02
  3.77399996E-02
  3.75799984E-02
  3.70600000E-02
  3.77999991E-02
  3.74500006E-02
  3.76400016E-02
  3.75999995E-02
  3.73400003E-02
  3.76500003E-02
  3.73600014E-02
  3.74099985E-02
  3.74500006E-02
  3.76500003E-02
  3.78200002E-02
  3.75600010E-02
  3.78500000E-02
  3.72000001E-02
  3.76100019E-02
  3.81200016E-02
  3.77499983E-02
  3.77000012E-02
  3.73000018E-02
  3.76500003E-02
  3.81999984E-02
  3.83399986E-02
  3.79600003E-02
  3.74700017E-02
  3.82299982E-02
  3.77699994E-02
  3.84000018E-02
  3.83200012E-02
  3.80700007E-02
  3.77300009E-02
  3.79800014E-02
  3.77800018E-02
  3.78299989E-02
  3.83800007E-02
  3.83000001E-02
  3.83599997E-02
  3.76100019E-02
  3.79399993E-02
  3.80900018E-02
  3.86399999E-02
  3.84000018E-02
  3.81800011E-02
  3.87800001E-02
  3.82700004E-02
  3.86600010E-02
  3.83599997E-02
  3.84700000E-02
  3.88699993E-02
  3.88199985E-02
  3.85299996E-02
  3.84400003E-02
  3.79199982E-02
  3.79900001E-02
  3.81300002E-02
  3.77199985E-02
  3.87899987E-02
  3.88699993E-02
  3.85800004E-02
  3.88300009E-02
  3.78100015E-02
  3.80199999E-02
  3.79699990E-02
  3.84799987E-02
  3.83800007E-02
  3.80100012E-02
  3.84799987E-02
  3.79399993E-02
  3.83299999E-02
  3.83699983E-02
  3.79399993E-02
  3.84700000E-02
  3.87800001E-02
  3.86600010E-02
  3.97000015E-02
  3.86000015E-02
  3.89299989E-02
  3.89500000E-02
  3.82700004E-02
  3.90500017E-02
