  5.12199998E-02
  4.91000004E-02
  5.28800003E-02
  5.35699986E-02
  5.46599999E-02
  5.41299991E-02
  4.97899987E-02
  5.31999990E-02
  5.24399988E-02
  5.23499995E-02
  5.25600016E-02
  5.29399998E-02
  5.35699986E-02
  5.43299988E-02
  5.44200018E-02
  5.42300008E-02
  5.41500002E-02
  5.47100008E-02
  5.39700016E-02
  5.45299985E-02
  5.50399981E-02
  5.34299985E-02
  5.50700016E-02
  5.52800000E-02
  5.45900017E-02
  5.55900000E-02
  5.41800000E-02
  5.40100001E-02
  5.33099994E-02
  5.44699989E-02
  5.43799996E-02
  5.50700016E-02
  5.48200011E-02
  5.55000007E-02
  5.54400012E-02
  5.47300018E-02
  5.42099997E-02
  5.39899990E-02
  5.48599996E-02
  5.59299998E-02
  5.51100001E-02
  5.53600006E-02
  5.53300008E-02
  5.48399985E-02
  5.43599986E-02
  5.45199998E-02
  5.52200004E-02
  5.53000011E-02
  5.58700003E-02
  5.51600009E-02
  5.49699999E-02
  5.45900017E-02
  5.38300015E-02
  5.46699986E-02
  5.55200018E-02
  5.51199988E-02
  5.49999997E-02
  5.51199988E-02
  5.49799986E-02
  5.44200018E-02
  5.46300001E-02
  5.45700006E-02
  5.40000014E-02
  5.39899990E-02
  5.44699989E-02
  5.47100008E-02
  5.50200008E-02
  5.48899993E-02
  5.22699989E-02
  5.38199991E-02
  5.42699993E-02
  5.44999987E-02
  5.48699982E-02
  5.51799983E-02
  5.54599985E-02
  5.59800006E-02
  5.54799996E-02
  5.41400015E-02
  5.47199994E-02
  5.50700016E-02
  5.52700013E-02
  5.49900010E-02
  5.55500016E-02
  5.55200018E-02
  5.53600006E-02
  5.53699993E-02
  5.51399998E-02
  5.36700003E-02
  5.50800003E-02
  5.29499985E-02
  5.45700006E-02
  5.45799993E-02
  5.42900003E-02
  5.45599982E-02
  5.41599989E-02
  5.24999984E-02
  5.27799986E-02
  5.40100001E-02
  5.47400005E-02
  5.49600013E-02
