  7.59200007E-02
  7.43800029E-02
  7.30800033E-02
  7.34800026E-02
  7.84099996E-02
  7.68100023E-02
  7.61400014E-02
  7.59600028E-02
  7.61199966E-02
  7.53199980E-02
  7.71799982E-02
  7.44400024E-02
  7.43599981E-02
  7.64100030E-02
  7.44799972E-02
  7.42399991E-02
  7.45100006E-02
  7.46999979E-02
  7.65300021E-02
  7.43900016E-02
  7.73100033E-02
  7.76399970E-02
  7.61599988E-02
  7.64800012E-02
  7.61400014E-02
  7.54100010E-02
  7.79900029E-02
  7.81200007E-02
  7.54600018E-02
  7.50100017E-02
  7.73900002E-02
  7.48699978E-02
  7.57400021E-02
  7.70400017E-02
  7.63700008E-02
  7.69400001E-02
  7.56400004E-02
  7.55499974E-02
  7.59499967E-02
  7.68100023E-02
  7.67199993E-02
  7.94600025E-02
  7.79300034E-02
  7.83500001E-02
  7.79400021E-02
  7.68999979E-02
  7.78999999E-02
  8.06500018E-02
  7.74400011E-02
  7.89700001E-02
  7.95200020E-02
  7.93199986E-02
  8.02899972E-02
  7.84199983E-02
  7.58299977E-02
  7.76399970E-02
  8.24100003E-02
  8.02299976E-02
  7.77999982E-02
  7.76700005E-02
  3.82700004E-02
  7.69900009E-02
  8.25000033E-02
  7.65499994E-02
  8.03600028E-02
  7.91999996E-02
  8.05699974E-02
  8.03299993E-02
  7.82300010E-02
  7.59600028E-02
  7.82800019E-02
  7.59299994E-02
  7.81200007E-02
  7.71600008E-02
  7.87200034E-02
  7.87200034E-02
  7.98799992E-02
  8.04999992E-02
  7.60800019E-02
  7.92300031E-02
  7.88299963E-02
  7.69700035E-02
  8.12100023E-02
  7.89700001E-02
  7.59999976E-02
  8.05199966E-02
  7.71199986E-02
  7.75799975E-02
  7.75199980E-02
  8.15199986E-02
  7.98000023E-02
  8.15299973E-02
  8.26900005E-02
  7.95999989E-02
  8.15199986E-02
  8.07100013E-02
  7.76500031E-02
  8.19000006E-02
  8.10099989E-02
  8.69999975E-02
