  8.17599967E-02
  7.76600018E-02
  7.82700032E-02
  7.29399994E-02
  7.27500021E-02
  7.91200027E-02
  7.97799975E-02
  8.38999972E-02
  8.17499980E-02
  7.84799978E-02
  7.52099976E-02
  7.34599978E-02
  7.84400031E-02
  7.55700022E-02
  7.60200024E-02
  7.70500004E-02
  7.55100027E-02
  7.32299984E-02
  7.36899972E-02
  7.28899986E-02
  7.58399963E-02
  7.59600028E-02
  7.56599978E-02
  7.28299990E-02
  7.83900023E-02
  7.26900026E-02
  7.71400034E-02
  7.87900016E-02
  7.76600018E-02
  7.70599991E-02
  7.63200000E-02
  7.59100020E-02
  7.58500025E-02
  7.53000006E-02
  7.58600011E-02
  7.76199996E-02
  7.84400031E-02
  8.01500008E-02
  7.54199997E-02
  8.16100016E-02
  8.10299963E-02
  7.95900002E-02
  7.66799971E-02
  7.81899989E-02
  7.91700035E-02
  7.58299977E-02
  7.85999969E-02
  7.96900019E-02
  8.15500021E-02
  7.99499974E-02
  7.86800012E-02
  8.05099979E-02
  7.98500031E-02
  7.85299987E-02
  7.65099972E-02
  7.73100033E-02
  7.80600011E-02
  7.90000036E-02
  7.95399994E-02
  7.67399967E-02
  7.81999975E-02
  7.86499977E-02
  8.00800025E-02
  7.91200027E-02
  8.11399966E-02
  7.94399977E-02
  7.75199980E-02
  7.82100037E-02
  7.97199979E-02
  7.75199980E-02
  7.78900012E-02
  8.05900022E-02
  7.94700012E-02
  8.14400017E-02
  7.80299976E-02
  7.82599971E-02
  7.87800029E-02
  7.87200034E-02
  7.95200020E-02
  7.55200014E-02
  7.70199969E-02
  7.84099996E-02
  7.67700002E-02
  7.86599964E-02
  7.89199993E-02
  8.20600018E-02
  7.95499980E-02
  8.18800032E-02
  8.42700005E-02
  8.22599977E-02
  8.05099979E-02
  7.95999989E-02
  7.81999975E-02
  7.97900036E-02
  7.99200013E-02
  7.95900002E-02
  7.87599981E-02
  7.92099983E-02
  8.05199966E-02
  7.69599974E-02
