  8.05300027E-02
  7.84699991E-02
  7.90200010E-02
  7.72799999E-02
  7.87599981E-02
  7.50799999E-02
  7.71400034E-02
  7.61699975E-02
  7.51999989E-02
  7.49600008E-02
  7.77399987E-02
  7.64399990E-02
  8.08200017E-02
  7.90600032E-02
  7.96099976E-02
  7.62000009E-02
  7.62099996E-02
  7.73300007E-02
  7.88000003E-02
  7.68499970E-02
  7.76999965E-02
  7.68200010E-02
  7.71600008E-02
  7.76000023E-02
  7.79599994E-02
  4.00500000E-02
  7.58199990E-02
  7.68000036E-02
  7.61300027E-02
  7.95200020E-02
  7.89399967E-02
  8.14199969E-02
  7.67799988E-02
  7.95499980E-02
  8.06500018E-02
  7.66799971E-02
  8.02000016E-02
  7.95399994E-02
  8.21600035E-02
  7.72700012E-02
  3.89500000E-02
  7.87200034E-02
  8.13900009E-02
  7.97299966E-02
  8.49199966E-02
  8.03499967E-02
  7.97199979E-02
  7.48599991E-02
  7.54100010E-02
  7.42300004E-02
  7.64499977E-02
  7.97900036E-02
  3.96700017E-02
  8.08899999E-02
  7.93000013E-02
  8.16600025E-02
  8.12800005E-02
  8.31300020E-02
  7.99999982E-02
  7.73800015E-02
  7.67100006E-02
  7.63399974E-02
  7.80799985E-02
  7.54000023E-02
  7.54399970E-02
  7.27500021E-02
  7.79599994E-02
  7.97900036E-02
  7.71299973E-02
  7.97299966E-02
  7.98100010E-02
  8.05500001E-02
  8.13400000E-02
  7.88299963E-02
  7.90899992E-02
  7.52200037E-02
  4.00100015E-02
  7.96200037E-02
  8.16999972E-02
  8.20299983E-02
  8.13900009E-02
  7.17900023E-02
  8.23799968E-02
  8.03999975E-02
  8.19699988E-02
  8.17200020E-02
  7.95200020E-02
  7.92699978E-02
  7.69300014E-02
  7.82999992E-02
  7.58500025E-02
  7.71500021E-02
  7.56499991E-02
  7.73300007E-02
  7.93899968E-02
  8.12200010E-02
  6.43000007E-02
  7.60999992E-02
  7.97900036E-02
  7.84299970E-02
