  9.43500027E-02
  9.43899974E-02
  9.71300006E-02
  0.10188000    
  9.59099978E-02
  0.10265000    
  9.69299972E-02
  9.94699970E-02
  8.63699988E-02
  8.42799991E-02
  9.49800014E-02
  9.32900012E-02
  9.96299982E-02
  9.38500017E-02
  9.93900001E-02
  0.10154000    
  7.57300034E-02
  8.36500004E-02
  9.63599980E-02
  9.85400006E-02
  9.96199995E-02
  9.83199999E-02
  0.10040000    
  0.10065000    
  9.42900032E-02
  9.92999971E-02
  9.74799991E-02
  0.10030000    
  9.72200036E-02
  9.62200016E-02
  9.94499996E-02
  9.74199995E-02
  9.79100019E-02
  0.10118000    
  9.39299986E-02
  9.48200002E-02
  9.87299979E-02
  0.10059000    
  9.75600034E-02
  0.10490000    
  0.10329000    
  0.10080000    
  0.10095000    
  0.10364000    
  9.24400017E-02
  0.10323000    
  0.10471000    
  9.68400016E-02
  0.10201000    
  0.10097000    
  0.10346000    
  0.10010000    
  0.10365000    
  0.10312000    
  9.60099995E-02
  9.77300033E-02
  0.10117000    
  9.98099968E-02
  9.60799977E-02
  0.10240000    
  0.10292000    
  0.10310000    
  0.10130000    
  0.10258000    
  9.88299996E-02
  9.99799967E-02
  0.10322000    
  0.10617000    
  9.69699994E-02
  0.10165000    
  0.10626000    
  9.72400010E-02
  9.77300033E-02
  0.10341000    
  0.10196000    
  0.10017000    
  0.10327000    
  0.10798000    
  9.48100016E-02
  0.10159000    
  0.10457000    
  9.91299972E-02
  9.61399972E-02
  0.10278000    
  0.10145000    
  0.10114000    
  9.76900011E-02
  0.10308000    
  9.53399986E-02
  9.94599983E-02
  0.10175000    
  0.10456000    
  0.10116000    
  0.10511000    
  9.93700027E-02
  0.10051000    
  0.10416000    
  0.10608000    
  0.10081000    
  0.10017000    
