  4.65199985E-02
  4.76000011E-02
  4.65300009E-02
  4.66799997E-02
  4.70499992E-02
  4.60399985E-02
  4.84800003E-02
  4.38699983E-02
  4.67200018E-02
  4.93200012E-02
  4.46599983E-02
  4.76999991E-02
  4.39100005E-02
  4.13400009E-02
  4.71099988E-02
  4.22100015E-02
  4.42200005E-02
  4.26600017E-02
  4.63499986E-02
  4.47699986E-02
  4.33400013E-02
  4.58099991E-02
  4.38800007E-02
  4.31800000E-02
  4.87199984E-02
  4.27299999E-02
  4.30999994E-02
  4.19199988E-02
  4.43900004E-02
  4.50300016E-02
  4.63300012E-02
  4.12300006E-02
  4.27399985E-02
  4.75899987E-02
  4.24799994E-02
  4.18200009E-02
  4.24599983E-02
  4.32699993E-02
  4.58200015E-02
  4.22799997E-02
  4.77100015E-02
  4.67099994E-02
  4.37700003E-02
  4.22899984E-02
  4.66899984E-02
  4.30300012E-02
  4.36800011E-02
  5.22999987E-02
  4.24499996E-02
  4.45099995E-02
  4.67600003E-02
  4.76800017E-02
  4.67399992E-02
  4.43099998E-02
  4.54099998E-02
  4.45300005E-02
  4.02199998E-02
  4.74000014E-02
  4.25500013E-02
  4.19100001E-02
  4.67399992E-02
  4.94100004E-02
  4.46700007E-02
  4.94999997E-02
  4.59499992E-02
  4.84299995E-02
  4.16800007E-02
  4.06400003E-02
  4.27200012E-02
  4.05800007E-02
  4.75200005E-02
  4.58999984E-02
  4.31100018E-02
  4.04100008E-02
  4.24199998E-02
  4.59799990E-02
  4.10699993E-02
  4.94300015E-02
  4.72900011E-02
  4.77499999E-02
  4.03999984E-02
  4.86299992E-02
  4.06600013E-02
  4.53100018E-02
  4.73800004E-02
  4.23300005E-02
  4.46499996E-02
  4.36899997E-02
  4.74900007E-02
  4.27599996E-02
  4.16299999E-02
  4.57499996E-02
  4.06000018E-02
  4.32600006E-02
  4.30999994E-02
  4.35400009E-02
  4.11400013E-02
  4.72700000E-02
  4.60800007E-02
  4.64899987E-02
