  0.11288000    
  0.10617000    
  0.11988000    
  0.11799000    
  0.11917000    
  0.11810000    
  0.10674000    
  0.11759000    
  0.11671000    
  0.11761000    
  0.12063000    
  0.12170000    
  0.11974000    
  0.12007000    
  0.11609000    
  0.12156000    
  0.11496000    
  0.12270000    
  0.12004000    
  0.12049000    
  0.12211000    
  0.11029000    
  0.12231000    
  0.12298000    
  0.12100000    
  0.12338000    
  0.11984000    
  0.12231000    
  0.10490000    
  0.12412000    
  0.12580000    
  0.12398000    
  0.12232000    
  0.12371000    
  0.11492000    
  0.12145000    
  0.12028000    
  0.11939000    
  0.12201000    
  0.12423000    
  0.12496000    
  0.12333000    
  0.12448000    
  0.12372000    
  0.12280000    
  0.12616999    
  0.12660000    
  0.12432000    
  0.12427000    
  0.12690000    
  0.12062000    
  0.12015000    
  0.11700000    
  0.12551001    
  0.12199000    
  0.12140000    
  0.12131000    
  0.12267000    
  0.11698000    
  0.12247000    
  0.11839000    
  0.12015000    
  0.12033000    
  0.12414000    
  0.12614000    
  0.12586001    
  0.12689000    
  0.12862000    
  0.12468000    
  0.12620001    
  0.12622000    
  0.12555000    
  0.12757000    
  0.12681000    
  0.13022999    
  0.12909000    
  0.12695000    
  0.12626000    
  0.12568000    
  0.12589000    
  0.12811001    
  0.13090999    
  0.13123000    
  0.12960000    
  0.13219000    
  0.13141000    
  0.13026001    
  0.12811001    
  0.13007000    
  0.12878001    
  0.12773000    
  0.12940000    
  0.13243000    
  0.13336000    
  0.13009000    
  0.13045999    
  0.12771000    
  0.12800001    
  0.12942000    
  0.13090999    
