  7.71400034E-02
  7.77100027E-02
  7.73100033E-02
  7.64899999E-02
  7.63999969E-02
  5.25300018E-02
  7.58299977E-02
  7.43099973E-02
  7.60399997E-02
  7.69300014E-02
  7.74599984E-02
  7.86999986E-02
  7.74699971E-02
  7.76899979E-02
  7.24399984E-02
  7.57599995E-02
  7.33899996E-02
  7.29599968E-02
  6.81700036E-02
  7.23600015E-02
  6.95099980E-02
  7.03200027E-02
  7.39400014E-02
  7.39900023E-02
  6.94200024E-02
  7.18500018E-02
  6.73099980E-02
  7.07300007E-02
  7.23500028E-02
  6.59999996E-02
  7.37700015E-02
  7.22500011E-02
  7.30800033E-02
  7.15999976E-02
  7.62000009E-02
  7.81600028E-02
  7.52300024E-02
  7.66400024E-02
  7.42599964E-02
  7.48099983E-02
  7.47999996E-02
  7.61500001E-02
  7.19700009E-02
  7.46100023E-02
  7.52099976E-02
  7.30699971E-02
  7.65200034E-02
  7.55700022E-02
  4.96499985E-02
  7.32000023E-02
  7.33100027E-02
  7.32700005E-02
  7.34999999E-02
  7.40000010E-02
  7.46499971E-02
  7.20399991E-02
  7.12699965E-02
  7.33999982E-02
  7.21699968E-02
  7.28700012E-02
  7.03200027E-02
  6.95900023E-02
  7.27299973E-02
  7.00799972E-02
  7.13699982E-02
  6.79199994E-02
  7.09900036E-02
  6.85399994E-02
  6.85999990E-02
  7.26199970E-02
  7.03700036E-02
  7.11499974E-02
  7.12400004E-02
  7.44699985E-02
  7.46899992E-02
  6.82599992E-02
  7.20200017E-02
  7.24499971E-02
  7.04500005E-02
  6.88999966E-02
  6.56099990E-02
  6.96000010E-02
  4.79299985E-02
  7.18500018E-02
  7.09600002E-02
  6.93100020E-02
  6.48500025E-02
  7.02000037E-02
  6.85900003E-02
  6.63900003E-02
  7.22699985E-02
  6.79299980E-02
  4.90900017E-02
  6.53100014E-02
  6.91300035E-02
  4.90400009E-02
  6.94200024E-02
  7.41899982E-02
  7.07800016E-02
  7.08900020E-02
