  4.05299999E-02
  4.15900014E-02
  4.09200005E-02
  4.01500016E-02
  3.89500000E-02
  4.08600010E-02
  4.18700017E-02
  4.03899997E-02
  3.93400006E-02
  3.93299982E-02
  3.88900004E-02
  3.91400009E-02
  3.83899994E-02
  3.79099995E-02
  3.78200002E-02
  3.88600007E-02
  3.96700017E-02
  3.93400006E-02
  4.00899984E-02
  3.97799984E-02
  3.95900011E-02
  3.95000018E-02
  3.92399989E-02
  4.00500000E-02
  3.94200012E-02
  3.86999995E-02
  3.75900008E-02
  3.73100005E-02
  3.84300016E-02
  3.83399986E-02
  3.80499996E-02
  3.97199988E-02
  3.89200002E-02
  3.95300016E-02
  3.85599993E-02
  3.82799990E-02
  3.83099988E-02
  3.81699987E-02
  3.79300006E-02
  3.87899987E-02
  4.00100015E-02
  3.98400016E-02
  4.02700007E-02
  4.08199988E-02
  3.92999984E-02
  4.06700000E-02
  4.07200009E-02
  4.03899997E-02
  4.03600000E-02
  3.98400016E-02
  4.00100015E-02
  3.89299989E-02
  3.86999995E-02
  3.85299996E-02
  3.87700014E-02
  3.88900004E-02
  3.85899991E-02
  3.78799997E-02
  3.81000005E-02
  3.88800018E-02
  3.83599997E-02
  3.81099992E-02
  3.82400006E-02
  3.88000011E-02
  3.82799990E-02
  3.84100005E-02
  3.85099985E-02
  3.89400013E-02
  3.92000005E-02
  3.85700017E-02
  3.76500003E-02
  3.75499986E-02
  3.79099995E-02
  3.77300009E-02
  3.80799994E-02
  3.84400003E-02
  3.86199988E-02
  3.92899998E-02
  3.95499989E-02
  3.97199988E-02
  3.85800004E-02
  3.85299996E-02
  3.97900008E-02
  3.96899991E-02
  4.01300006E-02
  4.00200002E-02
  3.98599990E-02
  4.04299982E-02
  4.01399992E-02
  3.87599990E-02
  3.86100002E-02
  3.83800007E-02
  3.99900004E-02
  4.12399992E-02
  4.05599996E-02
  4.04900014E-02
  3.96800004E-02
  3.97900008E-02
  3.95700000E-02
  3.92600000E-02
