  4.62800004E-02
  4.76600006E-02
  5.29600009E-02
  7.02499971E-02
  5.47900014E-02
  4.78699990E-02
  4.79700007E-02
  4.89300005E-02
  4.91000004E-02
  4.93899994E-02
  4.82200012E-02
  5.05100004E-02
  5.09000011E-02
  5.05300015E-02
  5.12199998E-02
  5.13599999E-02
  5.19200005E-02
  5.15000001E-02
  5.20999990E-02
  5.15000001E-02
  5.20399995E-02
  5.23499995E-02
  5.23799993E-02
  5.13800010E-02
  5.23299985E-02
  5.06899990E-02
  5.15800007E-02
  5.12499996E-02
  5.20600006E-02
  5.31199984E-02
  5.33999987E-02
  5.39099984E-02
  5.40000014E-02
  5.34799993E-02
  5.26299998E-02
  5.25199994E-02
  5.24699986E-02
  5.27300015E-02
  5.27499989E-02
  5.30400015E-02
  5.35200015E-02
  5.43499999E-02
  5.40399998E-02
  5.42699993E-02
  5.43499999E-02
  5.34900017E-02
  5.30599989E-02
  5.36799990E-02
  5.45100011E-02
  5.45700006E-02
  5.51999994E-02
  5.46599999E-02
  5.44900000E-02
  5.43799996E-02
  5.34299985E-02
  5.36900014E-02
  5.35000004E-02
  5.37899993E-02
  5.47300018E-02
  5.37800007E-02
  5.40999994E-02
  5.42199984E-02
  5.34900017E-02
  5.24599999E-02
  5.11099994E-02
  5.18900007E-02
  5.32899983E-02
  5.36499992E-02
  5.44699989E-02
  5.39899990E-02
  5.35099991E-02
  5.27400002E-02
  5.01400009E-02
  5.24000004E-02
  5.29699996E-02
  5.34700006E-02
  5.29100001E-02
  5.37800007E-02
  5.35200015E-02
  5.29100001E-02
  5.29000014E-02
  5.29799983E-02
  5.39500006E-02
  5.31300008E-02
  5.27799986E-02
  5.30100018E-02
  5.29799983E-02
  5.32599986E-02
  5.34799993E-02
  5.37200011E-02
  5.42999990E-02
  5.42999990E-02
  5.47100008E-02
  5.44300005E-02
  5.37699983E-02
  5.37000000E-02
  5.32700010E-02
  5.31399995E-02
  5.27999997E-02
  5.42499982E-02
