  6.49399981E-02
  4.77400012E-02
  6.60300031E-02
  5.00999987E-02
  7.19399974E-02
  6.75200000E-02
  6.58100024E-02
  6.67100027E-02
  6.51699975E-02
  6.33599982E-02
  6.49499968E-02
  6.80200011E-02
  6.72300011E-02
  5.24899997E-02
  6.63700029E-02
  6.65699989E-02
  5.47199994E-02
  5.94200008E-02
  5.53399995E-02
  6.87099993E-02
  6.98700026E-02
  6.23200014E-02
  6.70899972E-02
  5.38699999E-02
  5.33000007E-02
  6.51500002E-02
  6.99699968E-02
  7.23100007E-02
  7.19299987E-02
  7.04900026E-02
  6.88199997E-02
  6.94900006E-02
  6.88999966E-02
  6.84200004E-02
  6.72900006E-02
  6.92199990E-02
  6.81800023E-02
  7.08499998E-02
  7.19100013E-02
  7.12599978E-02
  7.36799985E-02
  7.04799965E-02
  6.68800026E-02
  6.78099990E-02
  6.60300031E-02
  6.14899993E-02
  5.95799983E-02
  6.07799999E-02
  5.91199994E-02
  6.03699982E-02
  6.37900010E-02
  6.53000027E-02
  7.03599975E-02
  7.38399997E-02
  7.29800016E-02
  7.07499981E-02
  7.06999972E-02
  6.96000010E-02
  6.84100017E-02
  6.78599998E-02
  6.58499971E-02
  6.76899999E-02
  6.75999969E-02
  6.98999986E-02
  6.80299997E-02
  6.57899976E-02
  6.78500012E-02
  7.07300007E-02
  7.07800016E-02
  7.23500028E-02
  7.03800023E-02
  7.06999972E-02
  6.90099970E-02
  6.88899979E-02
  6.92799985E-02
  6.94300011E-02
  6.97100013E-02
  6.96099997E-02
  6.92199990E-02
  6.97999969E-02
  7.09500015E-02
  7.19899982E-02
  7.05600008E-02
  6.85900003E-02
  6.94300011E-02
  6.90300018E-02
  6.78500012E-02
  7.04500005E-02
  7.19000027E-02
  7.41100013E-02
  7.22000003E-02
  7.28999972E-02
  7.22599998E-02
  7.07900003E-02
  6.78299963E-02
  6.73500001E-02
  6.71100020E-02
  6.84399977E-02
  6.83600008E-02
  6.46699965E-02
