  3.40700001E-02
  3.40900011E-02
  3.37800011E-02
  3.44499983E-02
  3.44800018E-02
  3.38400006E-02
  3.41200009E-02
  3.38100009E-02
  3.47100012E-02
  3.46300006E-02
  3.46900001E-02
  3.41899991E-02
  3.48500013E-02
  3.44999991E-02
  3.42799984E-02
  3.43599990E-02
  3.43400016E-02
  3.61000001E-02
  3.48600000E-02
  3.43200006E-02
  3.43299992E-02
  3.44999991E-02
  3.46300006E-02
  3.47599983E-02
  3.47599983E-02
  3.51499990E-02
  3.46199982E-02
  3.49799991E-02
  3.48200016E-02
  3.50599997E-02
  3.54099981E-02
  3.59099992E-02
  3.56799997E-02
  3.48600000E-02
  3.57500017E-02
  3.55099998E-02
  3.51000018E-02
  3.54400016E-02
  3.55699994E-02
  3.58100012E-02
  3.58499996E-02
  3.53699997E-02
  3.58599983E-02
  3.50000001E-02
  3.58900018E-02
  3.56500000E-02
  3.49299982E-02
  3.55300009E-02
  3.58700007E-02
  3.65899988E-02
  3.52099985E-02
  3.84799987E-02
  3.63200009E-02
  3.52200009E-02
  3.55399996E-02
  3.46399993E-02
  3.49400006E-02
  3.52399983E-02
  3.52800004E-02
  3.53600010E-02
  3.50599997E-02
  3.56899984E-02
  3.54400016E-02
  3.57900001E-02
  3.62700000E-02
  3.58700007E-02
  3.62199992E-02
  3.58299986E-02
  3.61699983E-02
  3.64199989E-02
  3.61500010E-02
  3.58799994E-02
  3.61399986E-02
  3.52099985E-02
  3.55499983E-02
  3.58900018E-02
  3.55900005E-02
  3.60900015E-02
  3.59200016E-02
  3.51400003E-02
  3.61299999E-02
  3.55900005E-02
  3.57800014E-02
  3.60700004E-02
  3.56700011E-02
  3.54099981E-02
  3.58400010E-02
  3.58400010E-02
  3.60700004E-02
  3.56799997E-02
  3.53799984E-02
  3.57399993E-02
  3.53900008E-02
  3.62999998E-02
  3.59800011E-02
  3.57000008E-02
  3.57999988E-02
  3.57600003E-02
  3.63299996E-02
  3.62799987E-02
