  8.47000033E-02
  8.32900032E-02
  8.28000009E-02
  8.56200010E-02
  7.80100003E-02
  7.06000030E-02
  8.67500007E-02
  8.44499990E-02
  8.75300020E-02
  8.30700025E-02
  8.32400024E-02
  8.59099999E-02
  8.55799988E-02
  8.29000026E-02
  8.72099996E-02
  8.86999965E-02
  8.41400027E-02
  8.84800032E-02
  9.06200036E-02
  9.03799981E-02
  8.36599991E-02
  8.43300000E-02
  8.59000012E-02
  9.03500021E-02
  8.49300027E-02
  8.83300006E-02
  8.56100023E-02
  9.15699974E-02
  9.34199989E-02
  9.02500004E-02
  9.13100019E-02
  9.04399976E-02
  9.07500014E-02
  8.97300020E-02
  8.89300033E-02
  8.80900025E-02
  9.25199986E-02
  9.51500013E-02
  8.65100026E-02
  9.48399976E-02
  9.51600000E-02
  9.41699967E-02
  9.37099978E-02
  9.22299996E-02
  9.37099978E-02
  9.25500020E-02
  9.11300033E-02
  9.43100005E-02
  9.59599987E-02
  9.15199965E-02
  9.56899971E-02
  9.19400007E-02
  9.28800032E-02
  9.38500017E-02
  9.38400030E-02
  9.20400023E-02
  9.43899974E-02
  9.18700024E-02
  9.75200012E-02
  9.32800025E-02
  9.74700004E-02
  9.22999978E-02
  9.53299999E-02
  9.69799981E-02
  9.22100022E-02
  9.90500003E-02
  9.36100036E-02
  9.82299969E-02
  9.51099992E-02
  9.72099975E-02
  9.76400003E-02
  9.65700001E-02
  0.10121000    
  9.23200026E-02
  9.74999964E-02
  9.71999988E-02
  9.62200016E-02
  9.86400023E-02
  9.48700011E-02
  9.55400020E-02
  9.49800014E-02
  9.88600031E-02
  9.72200036E-02
  9.73199978E-02
  0.10105000    
  9.56100002E-02
  9.83299986E-02
  9.99199972E-02
  0.10120000    
  0.10131000    
  9.60299969E-02
  0.10217000    
  9.65100005E-02
  0.10209000    
  9.41900015E-02
  0.10358000    
  9.56799984E-02
  0.10075000    
  0.10087000    
  9.86599997E-02
