  8.84400010E-02
  8.72600004E-02
  9.08299983E-02
  8.82999972E-02
  8.88599977E-02
  8.82600024E-02
  8.83800015E-02
  8.96300003E-02
  8.91299993E-02
  8.79200026E-02
  8.83999988E-02
  8.37899968E-02
  8.69499967E-02
  8.97300020E-02
  8.44599977E-02
  8.67599994E-02
  8.55899975E-02
  8.41699988E-02
  8.56700018E-02
  8.52399990E-02
  8.20299983E-02
  8.31599981E-02
  8.45900029E-02
  8.33000019E-02
  8.20299983E-02
  8.45500007E-02
  8.24699998E-02
  8.48599970E-02
  8.50199983E-02
  8.52499977E-02
  8.21700022E-02
  8.15199986E-02
  8.55700001E-02
  8.72600004E-02
  8.38700011E-02
  8.25600028E-02
  8.54099989E-02
  8.42600018E-02
  8.32300037E-02
  8.41299966E-02
  8.51199999E-02
  8.41099992E-02
  8.41600001E-02
  8.77700001E-02
  8.45500007E-02
  8.43899995E-02
  8.26100037E-02
  8.35700035E-02
  8.30800012E-02
  8.50099996E-02
  8.51399973E-02
  8.73899981E-02
  8.59099999E-02
  8.61100033E-02
  8.54000002E-02
  8.74200016E-02
  8.19500014E-02
  8.32500011E-02
  8.24299976E-02
  8.07299986E-02
  8.66400003E-02
  8.78899992E-02
  8.58199969E-02
  8.60700011E-02
  8.42000023E-02
  8.38999972E-02
  8.35400000E-02
  8.27500001E-02
  8.33899975E-02
  8.21800008E-02
  8.76199976E-02
  8.56200010E-02
  8.63400027E-02
  8.90600011E-02
  8.57300013E-02
  8.99700001E-02
  8.42600018E-02
  8.80599990E-02
  8.89400020E-02
  9.19900015E-02
  8.83999988E-02
  9.26399976E-02
  9.54699963E-02
  9.39299986E-02
  9.70899984E-02
  9.42099988E-02
  9.29400027E-02
  9.42500010E-02
  9.85499993E-02
  0.10249000    
  0.10157000    
  0.10034000    
  9.80599970E-02
  9.86000001E-02
  9.56400037E-02
  9.23400000E-02
  9.31800008E-02
  9.39000025E-02
  9.34699997E-02
  9.18800011E-02
