  0.10176000    
  9.87899974E-02
  0.10210000    
  0.10417000    
  0.10244000    
  9.55900028E-02
  0.10398000    
  0.11043000    
  0.11387000    
  0.11208000    
  0.10992000    
  0.10684000    
  0.11027000    
  0.10818000    
  0.11268000    
  9.61899981E-02
  0.11386000    
  0.11441000    
  0.11330000    
  0.11311000    
  0.11316000    
  0.11501000    
  0.11346000    
  0.11581000    
  0.11442000    
  0.11389000    
  0.11792000    
  0.11546000    
  0.10313000    
  0.11570000    
  0.11328000    
  0.11693000    
  0.11491000    
  0.11415000    
  0.11771000    
  0.11793000    
  0.12049000    
  0.11984000    
  0.11537000    
  0.11525000    
  0.11650000    
  0.11877000    
  0.11820000    
  0.11931000    
  0.11961000    
  0.12228000    
  0.12514000    
  0.12624000    
  0.12548000    
  0.12091000    
  0.12073000    
  0.12456000    
  0.12381000    
  0.12378000    
  0.12233000    
  0.12275000    
  0.12544000    
  0.12567000    
  0.12229000    
  0.12243000    
  0.12040000    
  0.12368000    
  0.12241000    
  0.12468000    
  0.11431000    
  0.12346000    
  0.12309000    
  0.12115000    
  0.12202000    
  9.84100029E-02
  0.11575000    
  0.12148000    
  0.12121000    
  0.12088000    
  0.11970000    
  0.11611000    
  0.11553000    
  0.10559000    
  0.11344000    
  0.11546000    
  0.11581000    
  0.11796000    
  0.11193000    
  0.11861000    
  0.11854000    
  0.11662000    
  0.11809000    
  0.11718000    
  0.11208000    
  0.11839000    
  0.12025000    
  0.12078000    
  0.11835000    
  0.11917000    
  0.11883000    
  0.11638000    
  0.11924000    
  0.12133000    
  0.12083000    
  0.11900000    
