  9.30399969E-02
  9.46400017E-02
  9.47099999E-02
  9.45099965E-02
  4.84700017E-02
  9.27599967E-02
  9.37800035E-02
  9.55500007E-02
  9.78000015E-02
  9.55199972E-02
  9.58100036E-02
  9.88800004E-02
  9.66100022E-02
  9.86000001E-02
  9.93399993E-02
  9.73099992E-02
  8.93900022E-02
  9.30100009E-02
  9.63499993E-02
  9.67999995E-02
  9.60099995E-02
  9.88499969E-02
  5.11200018E-02
  9.66000035E-02
  9.95900035E-02
  0.10124000    
  9.47000012E-02
  9.96799991E-02
  9.91799980E-02
  0.10519000    
  0.10453000    
  9.63599980E-02
  9.07600001E-02
  9.81599987E-02
  9.73799974E-02
  5.74299991E-02
  9.86300036E-02
  9.91400033E-02
  7.41200000E-02
  6.34799972E-02
  9.91899967E-02
  9.90799963E-02
  9.87399966E-02
  9.57399979E-02
  9.41400006E-02
  9.58700031E-02
  9.69199985E-02
  9.60600004E-02
  9.65100005E-02
  0.10039000    
  0.10150000    
  9.72900018E-02
  9.60799977E-02
  9.81500000E-02
  9.72800031E-02
  9.53999981E-02
  9.51400027E-02
  9.65000018E-02
  9.40599963E-02
  9.49300006E-02
  9.69899967E-02
  9.53100026E-02
  9.42099988E-02
  9.67700034E-02
  5.20099998E-02
  9.69099998E-02
  9.64000002E-02
  9.90799963E-02
  9.48299989E-02
  9.74999964E-02
  9.70200002E-02
  9.67099965E-02
  9.55099985E-02
  9.95000005E-02
  9.82099995E-02
  9.91299972E-02
  9.45300013E-02
  9.44200009E-02
  9.70999971E-02
  0.10008000    
  9.91899967E-02
  9.58999991E-02
  9.52799991E-02
  9.88399982E-02
  9.96000022E-02
  0.10170000    
  9.89300013E-02
  0.10265000    
  9.78799984E-02
  0.10121000    
  9.65600014E-02
  9.74399969E-02
  0.10158000    
  0.10256000    
  0.10084000    
  9.64099988E-02
  9.99300033E-02
  9.99500006E-02
  9.74399969E-02
  9.73699987E-02
