  4.55799997E-02
  4.61799987E-02
  4.62500006E-02
  4.49299999E-02
  4.95200008E-02
  4.62899990E-02
  4.13599983E-02
  3.92800011E-02
  4.08100002E-02
  4.27800007E-02
  4.18700017E-02
  4.17700000E-02
  4.32800017E-02
  4.17999998E-02
  4.17999998E-02
  4.26700003E-02
  4.18700017E-02
  4.14200015E-02
  4.25899997E-02
  4.10099998E-02
  4.17900011E-02
  4.19499986E-02
  4.07899991E-02
  4.23800014E-02
  4.17900011E-02
  4.09899987E-02
  3.88499983E-02
  3.95100005E-02
  4.10300009E-02
  4.17100005E-02
  4.05200012E-02
  4.19499986E-02
  4.14000005E-02
  4.06799987E-02
  4.16699983E-02
  4.15100008E-02
  4.06000018E-02
  4.14899997E-02
  4.08799984E-02
  4.07299995E-02
  4.14000005E-02
  4.05399986E-02
  4.11799997E-02
  4.15600017E-02
  4.04299982E-02
  4.13400009E-02
  4.10000011E-02
  4.00799997E-02
  4.13100012E-02
  4.04100008E-02
  4.02499996E-02
  4.11200002E-02
  4.00299989E-02
  4.09100018E-02
  4.08499986E-02
  4.01800014E-02
  4.11100015E-02
  4.02299985E-02
  4.04400006E-02
  4.05899994E-02
  3.99800017E-02
  4.08300012E-02
  3.96800004E-02
  4.11499999E-02
  3.98100019E-02
  4.06400003E-02
  4.02499996E-02
  4.04400006E-02
  4.08100002E-02
  4.00299989E-02
  4.10300009E-02
  4.01900001E-02
  4.10999991E-02
  4.08199988E-02
  4.03500013E-02
  4.12900001E-02
  3.99900004E-02
  4.09800000E-02
  4.04199995E-02
  4.04299982E-02
  4.12900001E-02
  3.99699993E-02
  4.07299995E-02
  4.00400013E-02
  4.06900011E-02
  4.05699983E-02
  4.02199998E-02
  4.12699990E-02
  3.99199985E-02
  4.08900008E-02
  4.02100012E-02
  4.08900008E-02
  4.02499996E-02
  4.06999998E-02
  4.05000001E-02
  4.03699987E-02
  4.10499983E-02
  4.01999988E-02
  4.12399992E-02
  3.97499986E-02
