  4.04799990E-02
  4.16299999E-02
  4.15400006E-02
  4.13400009E-02
  4.12600003E-02
  4.14399989E-02
  4.12600003E-02
  4.09200005E-02
  4.24700007E-02
  4.30699997E-02
  4.25000004E-02
  4.20899987E-02
  4.21300009E-02
  4.22100015E-02
  4.25999984E-02
  4.33599986E-02
  4.28999998E-02
  4.39700000E-02
  4.36099991E-02
  4.34099995E-02
  4.34199981E-02
  4.37499993E-02
  4.39799987E-02
  4.33700010E-02
  4.48100008E-02
  4.41300012E-02
  9.32099968E-02
  4.54300009E-02
  4.53100018E-02
  4.54300009E-02
  4.55299988E-02
  4.51099984E-02
  4.50400002E-02
  4.60599996E-02
  4.65099998E-02
  4.65699993E-02
  4.60699983E-02
  4.65900004E-02
  4.72300015E-02
  4.73899990E-02
  4.84700017E-02
  4.66899984E-02
  4.80800010E-02
  4.90400009E-02
  4.84599993E-02
  4.79299985E-02
  4.94199991E-02
  5.08200005E-02
  5.10899983E-02
  5.12799993E-02
  5.03400005E-02
  5.26399985E-02
  5.11800013E-02
  5.07900007E-02
  4.97299992E-02
  5.04200011E-02
  5.01100011E-02
  5.19299991E-02
  5.11200018E-02
  5.22900000E-02
  5.17899990E-02
  5.47300018E-02
  5.29600009E-02
  5.30599989E-02
  5.34100011E-02
  5.55099994E-02
  5.59399985E-02
  5.52500002E-02
  5.53199984E-02
  5.49499989E-02
  5.64800017E-02
  5.74299991E-02
  6.12200014E-02
  5.94200008E-02
  6.41700029E-02
  6.34799972E-02
  5.80300018E-02
  5.42199984E-02
  5.36900014E-02
  5.13000004E-02
  5.31099997E-02
  5.00699989E-02
  5.08100018E-02
  5.04599996E-02
  5.30200005E-02
  4.97500002E-02
  5.15899993E-02
  5.01299985E-02
  5.00800014E-02
  5.16000018E-02
  4.94799986E-02
  5.06800003E-02
  5.33200018E-02
  5.30599989E-02
  5.18699996E-02
  5.13800010E-02
  5.24500012E-02
  5.14400005E-02
  5.04500009E-02
  5.15699983E-02
