  7.14500025E-02
  7.07200021E-02
  5.97399995E-02
  6.72999993E-02
  7.17300028E-02
  5.50299995E-02
  5.21899983E-02
  5.68699986E-02
  7.33800009E-02
  6.98599964E-02
  7.21699968E-02
  7.04799965E-02
  6.73900023E-02
  5.36100008E-02
  5.28599992E-02
  5.29699996E-02
  5.26500009E-02
  5.02999984E-02
  5.20199984E-02
  5.07600009E-02
  5.18000014E-02
  5.11800013E-02
  5.15299998E-02
  5.09399995E-02
  5.10899983E-02
  5.31099997E-02
  5.29999994E-02
  5.26000001E-02
  5.33900000E-02
  5.19800000E-02
  5.26800007E-02
  5.16900010E-02
  5.38000017E-02
  5.39700016E-02
  5.29699996E-02
  5.35200015E-02
  5.35399988E-02
  5.18999994E-02
  5.35000004E-02
  5.18699996E-02
  5.40999994E-02
  5.46200015E-02
  5.46300001E-02
  5.43799996E-02
  5.51699996E-02
  5.60199991E-02
  5.48099987E-02
  5.50599992E-02
  5.71000017E-02
  5.72299995E-02
  5.71300015E-02
  5.66600002E-02
  5.86600006E-02
  5.79399988E-02
  5.84499985E-02
  5.87299988E-02
  5.85899986E-02
  5.90899996E-02
  5.85700013E-02
  5.75600006E-02
  5.82799986E-02
  5.80199994E-02
  5.70599996E-02
  5.76499999E-02
  5.86199984E-02
  6.01000004E-02
  5.84300011E-02
  5.92099987E-02
  5.99600002E-02
  5.77500015E-02
  5.91900013E-02
  6.21600002E-02
  5.91700003E-02
  6.03299998E-02
  6.01099990E-02
  6.09899983E-02
  5.92500009E-02
  5.89100011E-02
  5.94700016E-02
  6.01999983E-02
  5.81699982E-02
  5.97699992E-02
  6.09899983E-02
  6.06300011E-02
  5.91799989E-02
  5.92000000E-02
  6.03299998E-02
  5.98799996E-02
  6.06399998E-02
  6.04999997E-02
  5.79699986E-02
  6.11299984E-02
  5.97900003E-02
  5.86600006E-02
  5.87400012E-02
  5.97999990E-02
  6.10000007E-02
  6.06499985E-02
  6.07899986E-02
  5.85299991E-02
