  4.95899990E-02
  4.54000011E-02
  4.76000011E-02
  4.86500002E-02
  4.99899983E-02
  5.40900007E-02
  4.86299992E-02
  4.65699993E-02
  4.71699983E-02
  4.65199985E-02
  4.43699993E-02
  4.72300015E-02
  4.61900011E-02
  5.33600003E-02
  4.90700006E-02
  4.92199995E-02
  4.74600010E-02
  4.74399999E-02
  4.65399995E-02
  4.48900014E-02
  4.65199985E-02
  4.63799983E-02
  4.73500006E-02
  4.60000001E-02
  4.68599983E-02
  4.63399999E-02
  4.59900014E-02
  4.55799997E-02
  4.53899987E-02
  5.02599999E-02
  4.56999987E-02
  4.61199991E-02
  4.58600000E-02
  4.46199998E-02
  4.39600013E-02
  4.58300002E-02
  4.96699996E-02
  4.76999991E-02
  4.62200008E-02
  4.59700003E-02
  4.74399999E-02
  4.51500006E-02
  4.55100015E-02
  4.52399999E-02
  4.61999997E-02
  4.61499989E-02
  4.54499982E-02
  4.61700000E-02
  4.66299988E-02
  4.48299982E-02
  4.68700007E-02
  4.92499992E-02
  4.67999987E-02
  4.56900001E-02
  4.88200001E-02
  4.55499999E-02
  4.56399992E-02
  4.63399999E-02
  4.55499999E-02
  4.58800010E-02
  4.58800010E-02
  4.75899987E-02
  4.57199998E-02
  4.50300016E-02
  4.58600000E-02
  4.50199991E-02
  4.48700003E-02
  4.59199995E-02
  4.29299995E-02
  4.58099991E-02
  4.57499996E-02
  4.43000011E-02
  4.65099998E-02
  4.56900001E-02
  4.65000011E-02
  4.67099994E-02
  4.66100015E-02
  4.84800003E-02
  4.43600006E-02
  4.78500016E-02
  4.40200008E-02
  4.54499982E-02
  4.47600000E-02
  4.98499982E-02
  4.47600000E-02
  4.54900004E-02
  4.82099988E-02
  4.58099991E-02
  4.70900014E-02
  4.68299985E-02
  4.71500009E-02
  4.67800014E-02
  4.63999994E-02
  4.78800014E-02
  4.67999987E-02
  4.87099998E-02
  4.70199995E-02
  4.52300012E-02
  5.29799983E-02
  5.27799986E-02
