  6.58299997E-02
  6.65799975E-02
  6.83000013E-02
  6.77400008E-02
  6.97200000E-02
  6.80999979E-02
  6.89399987E-02
  6.93600029E-02
  7.10799992E-02
  6.95900023E-02
  3.54400016E-02
  6.85499981E-02
  6.91300035E-02
  6.88700005E-02
  7.05299973E-02
  6.89999983E-02
  6.79500028E-02
  6.78400025E-02
  7.14000016E-02
  6.95699975E-02
  7.00000003E-02
  7.15600029E-02
  6.85100034E-02
  6.99200034E-02
  6.68400005E-02
  7.14399964E-02
  6.78099990E-02
  6.85900003E-02
  6.91300035E-02
  6.97600022E-02
  6.82599992E-02
  6.80200011E-02
  6.89700022E-02
  6.68300018E-02
  6.80100024E-02
  6.74199983E-02
  7.20700026E-02
  7.00199977E-02
  6.77800030E-02
  6.92199990E-02
  7.00199977E-02
  6.90499991E-02
  6.86499998E-02
  7.02399984E-02
  6.99699968E-02
  6.95400015E-02
  7.15000033E-02
  7.15999976E-02
  6.74099997E-02
  6.83500022E-02
  6.77800030E-02
  6.97299987E-02
  6.91699982E-02
  6.74400032E-02
  7.07900003E-02
  6.94800019E-02
  6.79899976E-02
  6.67399988E-02
  6.80299997E-02
  6.93700016E-02
  6.92299977E-02
  6.75299987E-02
  6.72200024E-02
  6.81599975E-02
  6.78099990E-02
  6.73199967E-02
  6.87900037E-02
  6.87799975E-02
  6.80999979E-02
  6.78400025E-02
  6.77300021E-02
  6.69500008E-02
  6.84200004E-02
  6.73500001E-02
  6.90499991E-02
  7.17800036E-02
  6.98200017E-02
  6.96799979E-02
  6.65199980E-02
  6.72399998E-02
  7.27899969E-02
  6.61000013E-02
  6.69799969E-02
  6.74099997E-02
  6.79199994E-02
  6.91699982E-02
  7.10700005E-02
  7.03999996E-02
  6.91900030E-02
  7.31099993E-02
  6.67700022E-02
  6.93499967E-02
  6.92299977E-02
  7.24299997E-02
  6.98899999E-02
  6.81099966E-02
  6.85999990E-02
  6.72200024E-02
  7.32100010E-02
  7.03099966E-02
