  4.47800010E-02
  4.46799994E-02
  3.96200009E-02
  4.61499989E-02
  4.70799990E-02
  4.78200018E-02
  4.64599989E-02
  4.71399985E-02
  4.30399999E-02
  4.13199998E-02
  4.56200019E-02
  3.92099991E-02
  4.01199982E-02
  4.37900014E-02
  4.42299992E-02
  4.12000008E-02
  4.09299992E-02
  4.86500002E-02
  3.95499989E-02
  4.00799997E-02
  4.06000018E-02
  4.65699993E-02
  4.07200009E-02
  4.65199985E-02
  4.43699993E-02
  3.99000011E-02
  4.17499989E-02
  3.99900004E-02
  4.17999998E-02
  4.74199988E-02
  3.98899987E-02
  4.05500010E-02
  4.65399995E-02
  4.48900014E-02
  4.14699987E-02
  4.63799983E-02
  4.01999988E-02
  4.60000001E-02
  4.03200015E-02
  3.97199988E-02
  3.93400006E-02
  4.55799997E-02
  3.90999988E-02
  4.17100005E-02
  3.83099988E-02
  4.17000018E-02
  4.58600000E-02
  4.46199998E-02
  3.95499989E-02
  4.13599983E-02
  3.88199985E-02
  4.50499989E-02
  4.42200005E-02
  3.88000011E-02
  4.03800011E-02
  4.51500006E-02
  3.96099985E-02
  4.52399999E-02
  3.94599997E-02
  4.01500016E-02
  4.54499982E-02
  4.61700000E-02
  3.84300016E-02
  4.48299982E-02
  4.10699993E-02
  4.03000005E-02
  3.90199982E-02
  3.83599997E-02
  3.92800011E-02
  3.85299996E-02
  3.82400006E-02
  4.63399999E-02
  4.55499999E-02
  4.58800010E-02
  4.58800010E-02
  3.93499993E-02
  3.94299999E-02
  4.10699993E-02
  3.80400009E-02
  3.85899991E-02
  3.81200016E-02
  4.59199995E-02
  4.06000018E-02
  3.93299982E-02
  4.36699986E-02
  4.43000011E-02
  4.65099998E-02
  4.05599996E-02
  3.95300016E-02
  4.00100015E-02
  3.86300012E-02
  4.84800003E-02
  3.99800017E-02
  3.86999995E-02
  3.81300002E-02
  3.81300002E-02
  3.87500003E-02
  3.78100015E-02
  3.84999998E-02
  3.83699983E-02
