  6.41999990E-02
  6.60300031E-02
  6.37400001E-02
  5.84699996E-02
  6.25599995E-02
  6.14699982E-02
  6.20799996E-02
  5.85299991E-02
  5.54499999E-02
  5.66999987E-02
  5.71600012E-02
  5.66900000E-02
  6.49399981E-02
  4.77400012E-02
  4.17600013E-02
  4.00599986E-02
  4.02299985E-02
  4.06300016E-02
  4.73599993E-02
  4.80599999E-02
  6.51699975E-02
  6.33599982E-02
  6.49499968E-02
  5.20600006E-02
  6.72300011E-02
  5.24899997E-02
  4.50400002E-02
  4.46599983E-02
  5.47199994E-02
  5.94200008E-02
  5.53399995E-02
  5.27199991E-02
  4.72100005E-02
  6.23200014E-02
  5.25799990E-02
  5.38699999E-02
  5.33000007E-02
  6.51500002E-02
  5.78199998E-02
  5.03799990E-02
  4.70700003E-02
  4.54699993E-02
  4.44200002E-02
  4.30100001E-02
  4.41699997E-02
  4.97700013E-02
  5.39200008E-02
  5.23499995E-02
  5.31900004E-02
  5.25400005E-02
  5.42600006E-02
  5.13699986E-02
  4.89699990E-02
  4.75500003E-02
  5.65499999E-02
  5.21299988E-02
  4.11700010E-02
  6.14899993E-02
  5.95799983E-02
  4.34000008E-02
  5.91199994E-02
  4.12099995E-02
  5.26000001E-02
  4.27399985E-02
  4.60399985E-02
  5.38699999E-02
  4.60200012E-02
  5.73399998E-02
  5.51000014E-02
  6.96000010E-02
  6.84100017E-02
  4.85100001E-02
  5.44900000E-02
  4.70499992E-02
  4.21600007E-02
  4.33700010E-02
  5.30899987E-02
  5.10599986E-02
  5.02099991E-02
  5.05000018E-02
  4.66400012E-02
  4.39199992E-02
  4.22200002E-02
  4.58099991E-02
  4.29700017E-02
  4.51899990E-02
  4.70400006E-02
  4.83300015E-02
  5.10799997E-02
  6.96099997E-02
  6.92199990E-02
  4.75599989E-02
  5.18000014E-02
  3.98899987E-02
  5.24500012E-02
  5.32599986E-02
  3.77499983E-02
  3.92000005E-02
  4.03600000E-02
  5.05900010E-02
